Country,A-1,A-2,A-3,B-1,"B-1,2",B-2,"B-1,2/BCC","B-1,2/BCV",C-1,C-1/D,C-2,C-3,D,D-CREW,E-1,E-2,E-3,E-3D,E-3R,F-1,F-2,F-3,G-1,G-2,G-3,G-4,G-5,H-1A,H-1B,H-1B1,H-1C,H-2A,H-2B,H-2R,H-3,H-4,I,J-1,J-2,K-1,K-2,K-3,K-4,L-1,L-2,M-1,M-2,M-3,NATO-1,NATO-2,NATO-3,NATO-4,NATO-5,NATO-6,NATO-7,N-8,N-9,O-1,O-2,O-3,P-1,P-2,P-3,P-4,Q-1,Q-2,Q-3,R-1,R-2,S-5,S-6,S-7,TN,TD,T-1,T-2,T-3,T-4,T-5,U-1,U-2,U-3,U-4,V-1,V-2,V-3,Total Visas,BCC,Grand Total
Africa,,,,,,,,,,,,,,,,,,,,,,,,,,,,,,,,,,,,,,,,,,,,,,,,,,,,,,,,,,,,,,,,,,,,,,,,,,,,,,,,,,,,,,,,,
Algeria,48.0,46.0,0.0,1893.0,468.0,3264.0,10.0,0.0,69.0,2.0,0.0,0.0,15.0,0.0,0.0,1.0,0.0,0.0,0.0,140.0,8.0,0.0,45.0,35.0,1.0,136.0,3.0,0.0,49.0,0.0,0.0,0.0,0.0,0.0,1.0,31.0,8.0,107.0,22.0,16.0,1.0,0.0,0.0,10.0,12.0,7.0,0.0,0.0,0.0,0.0,0.0,0.0,0.0,0.0,0.0,0.0,0.0,1.0,0.0,0.0,6.0,0.0,8.0,0.0,0.0,0.0,0.0,0.0,0.0,0.0,0.0,0.0,0.0,6.0,0.0,0.0,0.0,0.0,0.0,0.0,0.0,0.0,0.0,0.0,0.0,0.0,6469.0,128.0,6597.0
Angola,39.0,52.0,1.0,17.0,1395.0,302.0,0.0,0.0,11.0,7.0,0.0,18.0,0.0,0.0,0.0,0.0,0.0,0.0,0.0,156.0,24.0,0.0,24.0,85.0,0.0,8.0,1.0,0.0,0.0,0.0,0.0,0.0,0.0,0.0,0.0,0.0,0.0,19.0,12.0,0.0,0.0,0.0,0.0,15.0,23.0,1.0,0.0,0.0,0.0,0.0,0.0,0.0,0.0,0.0,0.0,0.0,0.0,2.0,1.0,1.0,0.0,0.0,8.0,0.0,0.0,0.0,0.0,0.0,0.0,0.0,0.0,0.0,0.0,0.0,0.0,0.0,0.0,0.0,0.0,0.0,0.0,0.0,0.0,0.0,0.0,0.0,2222.0,0.0,2222.0
Benin,17.0,39.0,1.0,58.0,568.0,102.0,1.0,0.0,21.0,0.0,0.0,2.0,19.0,0.0,0.0,0.0,0.0,0.0,0.0,54.0,2.0,0.0,23.0,31.0,0.0,58.0,8.0,0.0,4.0,0.0,0.0,0.0,0.0,0.0,0.0,3.0,0.0,66.0,2.0,2.0,0.0,0.0,0.0,3.0,4.0,0.0,0.0,0.0,0.0,0.0,0.0,0.0,0.0,0.0,0.0,0.0,0.0,1.0,0.0,0.0,1.0,0.0,0.0,0.0,6.0,0.0,0.0,1.0,0.0,0.0,0.0,0.0,0.0,0.0,0.0,0.0,0.0,0.0,0.0,0.0,0.0,0.0,0.0,0.0,0.0,0.0,1097.0,3.0,1100.0
Botswana,22.0,85.0,0.0,1.0,425.0,84.0,0.0,0.0,4.0,3.0,0.0,3.0,0.0,0.0,0.0,0.0,0.0,0.0,0.0,436.0,16.0,0.0,6.0,37.0,0.0,3.0,0.0,0.0,5.0,0.0,0.0,0.0,0.0,0.0,3.0,0.0,3.0,73.0,10.0,0.0,0.0,0.0,0.0,1.0,1.0,6.0,0.0,0.0,0.0,0.0,0.0,0.0,0.0,0.0,0.0,0.0,0.0,0.0,0.0,0.0,1.0,0.0,0.0,0.0,10.0,0.0,0.0,0.0,0.0,0.0,0.0,0.0,0.0,0.0,0.0,0.0,0.0,0.0,0.0,0.0,0.0,0.0,0.0,0.0,0.0,0.0,1238.0,0.0,1238.0
Burkina Faso,42.0,31.0,3.0,52.0,739.0,218.0,0.0,0.0,15.0,1.0,0.0,7.0,60.0,0.0,0.0,0.0,0.0,0.0,0.0,42.0,0.0,0.0,7.0,54.0,0.0,58.0,5.0,0.0,6.0,0.0,0.0,0.0,0.0,0.0,0.0,0.0,0.0,28.0,5.0,1.0,0.0,0.0,0.0,0.0,0.0,3.0,0.0,0.0,0.0,0.0,0.0,0.0,0.0,0.0,0.0,0.0,0.0,0.0,0.0,0.0,0.0,0.0,1.0,0.0,0.0,0.0,0.0,0.0,0.0,0.0,0.0,0.0,0.0,0.0,0.0,0.0,0.0,0.0,0.0,0.0,0.0,0.0,0.0,0.0,0.0,0.0,1378.0,1.0,1379.0
Burundi,11.0,36.0,0.0,13.0,122.0,44.0,4.0,0.0,31.0,0.0,0.0,1.0,0.0,0.0,0.0,0.0,0.0,0.0,0.0,35.0,7.0,0.0,8.0,35.0,2.0,43.0,0.0,0.0,1.0,0.0,0.0,0.0,0.0,0.0,0.0,0.0,0.0,3.0,0.0,0.0,0.0,0.0,0.0,0.0,0.0,0.0,0.0,0.0,0.0,0.0,0.0,0.0,0.0,0.0,0.0,0.0,0.0,0.0,0.0,0.0,0.0,0.0,0.0,0.0,0.0,0.0,0.0,0.0,0.0,0.0,0.0,0.0,0.0,0.0,0.0,0.0,0.0,0.0,0.0,0.0,0.0,0.0,0.0,0.0,0.0,0.0,396.0,35.0,431.0
Cameroon,32.0,85.0,6.0,276.0,1315.0,809.0,0.0,0.0,26.0,0.0,0.0,3.0,0.0,0.0,0.0,1.0,0.0,0.0,0.0,223.0,4.0,0.0,22.0,131.0,0.0,136.0,11.0,0.0,50.0,0.0,0.0,0.0,0.0,0.0,0.0,18.0,8.0,83.0,5.0,15.0,4.0,0.0,0.0,5.0,12.0,4.0,0.0,0.0,0.0,0.0,0.0,0.0,0.0,0.0,0.0,0.0,0.0,3.0,0.0,0.0,5.0,0.0,1.0,0.0,2.0,0.0,0.0,5.0,0.0,0.0,0.0,0.0,0.0,0.0,0.0,0.0,0.0,0.0,0.0,0.0,0.0,0.0,0.0,0.0,0.0,0.0,3300.0,3.0,3303.0
Cape Verde,12.0,26.0,1.0,5.0,2096.0,573.0,4.0,0.0,25.0,24.0,0.0,8.0,1.0,0.0,0.0,0.0,0.0,0.0,0.0,9.0,4.0,0.0,5.0,21.0,0.0,2.0,1.0,0.0,1.0,0.0,0.0,0.0,1.0,0.0,0.0,2.0,0.0,3.0,1.0,19.0,1.0,0.0,0.0,0.0,0.0,1.0,0.0,0.0,0.0,0.0,0.0,0.0,0.0,0.0,0.0,0.0,0.0,0.0,0.0,0.0,33.0,0.0,5.0,0.0,0.0,0.0,0.0,1.0,0.0,0.0,0.0,0.0,0.0,0.0,0.0,0.0,0.0,0.0,0.0,0.0,0.0,0.0,0.0,0.0,0.0,0.0,2885.0,0.0,2885.0
Central African Republic,9.0,6.0,0.0,12.0,53.0,38.0,0.0,0.0,1.0,0.0,0.0,0.0,21.0,0.0,0.0,0.0,0.0,0.0,0.0,7.0,1.0,0.0,15.0,21.0,0.0,14.0,1.0,0.0,0.0,0.0,0.0,0.0,0.0,0.0,0.0,0.0,0.0,5.0,3.0,0.0,0.0,0.0,0.0,0.0,0.0,0.0,0.0,0.0,0.0,0.0,0.0,0.0,0.0,0.0,0.0,0.0,0.0,0.0,0.0,0.0,1.0,0.0,0.0,0.0,0.0,0.0,0.0,0.0,0.0,0.0,0.0,0.0,0.0,0.0,0.0,0.0,0.0,0.0,0.0,0.0,0.0,0.0,0.0,0.0,0.0,0.0,208.0,2.0,210.0
Chad,34.0,55.0,1.0,16.0,134.0,264.0,0.0,0.0,5.0,0.0,0.0,0.0,50.0,0.0,0.0,0.0,0.0,0.0,0.0,51.0,0.0,0.0,10.0,46.0,0.0,22.0,0.0,0.0,4.0,0.0,0.0,0.0,0.0,0.0,0.0,0.0,0.0,18.0,3.0,1.0,0.0,0.0,0.0,1.0,0.0,0.0,0.0,0.0,0.0,0.0,0.0,0.0,0.0,0.0,0.0,0.0,0.0,0.0,0.0,0.0,0.0,0.0,0.0,0.0,0.0,0.0,0.0,0.0,0.0,0.0,0.0,0.0,0.0,0.0,0.0,0.0,0.0,0.0,0.0,0.0,0.0,0.0,0.0,0.0,0.0,0.0,715.0,1.0,716.0
Comoros,2.0,3.0,0.0,2.0,14.0,6.0,0.0,0.0,0.0,0.0,0.0,0.0,0.0,0.0,0.0,0.0,0.0,0.0,0.0,0.0,0.0,0.0,1.0,14.0,0.0,2.0,0.0,0.0,0.0,0.0,0.0,0.0,0.0,0.0,0.0,0.0,0.0,2.0,0.0,0.0,0.0,0.0,0.0,0.0,0.0,0.0,0.0,0.0,0.0,0.0,0.0,0.0,0.0,0.0,0.0,0.0,0.0,0.0,0.0,0.0,0.0,0.0,0.0,0.0,1.0,0.0,0.0,0.0,0.0,0.0,0.0,0.0,0.0,0.0,0.0,0.0,0.0,0.0,0.0,0.0,0.0,0.0,0.0,0.0,0.0,0.0,47.0,0.0,47.0
"Congo, Dem. Rep. of the (Congo Kinshasa)",13.0,67.0,0.0,41.0,1865.0,299.0,4.0,0.0,22.0,0.0,0.0,6.0,45.0,0.0,0.0,0.0,0.0,0.0,0.0,34.0,6.0,0.0,18.0,50.0,0.0,16.0,0.0,0.0,1.0,0.0,0.0,0.0,0.0,0.0,0.0,0.0,0.0,7.0,6.0,0.0,0.0,0.0,0.0,0.0,0.0,0.0,0.0,0.0,0.0,0.0,0.0,0.0,0.0,0.0,0.0,0.0,0.0,0.0,0.0,0.0,0.0,0.0,0.0,0.0,0.0,0.0,0.0,2.0,0.0,0.0,0.0,0.0,0.0,0.0,0.0,0.0,0.0,0.0,0.0,0.0,0.0,0.0,0.0,0.0,0.0,0.0,2502.0,0.0,652.0
"Congo, Rep. of the (Congo Brazzaville)",20.0,28.0,0.0,26.0,225.0,140.0,0.0,0.0,43.0,0.0,0.0,9.0,1.0,0.0,0.0,0.0,0.0,0.0,0.0,151.0,5.0,0.0,4.0,75.0,0.0,97.0,0.0,0.0,12.0,0.0,0.0,0.0,0.0,0.0,0.0,8.0,0.0,32.0,10.0,5.0,0.0,0.0,0.0,2.0,12.0,4.0,0.0,0.0,0.0,0.0,0.0,0.0,0.0,0.0,0.0,0.0,0.0,0.0,0.0,0.0,2.0,0.0,4.0,1.0,1.0,0.0,0.0,10.0,3.0,0.0,0.0,0.0,0.0,0.0,0.0,0.0,0.0,0.0,0.0,0.0,0.0,0.0,0.0,0.0,0.0,0.0,930.0,24.0,2804.0
Cote d'Ivoire ,68.0,124.0,8.0,199.0,2912.0,351.0,0.0,0.0,49.0,0.0,0.0,19.0,75.0,0.0,0.0,0.0,0.0,0.0,0.0,260.0,6.0,0.0,33.0,119.0,0.0,134.0,19.0,0.0,22.0,0.0,0.0,0.0,0.0,0.0,0.0,14.0,17.0,77.0,11.0,2.0,1.0,0.0,0.0,0.0,0.0,3.0,0.0,0.0,0.0,0.0,0.0,0.0,0.0,0.0,0.0,0.0,0.0,0.0,0.0,0.0,9.0,0.0,83.0,0.0,1.0,0.0,0.0,0.0,0.0,0.0,0.0,0.0,0.0,2.0,0.0,0.0,0.0,0.0,0.0,0.0,0.0,0.0,0.0,0.0,0.0,0.0,4618.0,9.0,4627.0
Djibouti,25.0,41.0,1.0,17.0,36.0,757.0,0.0,0.0,0.0,0.0,0.0,0.0,0.0,0.0,0.0,0.0,0.0,0.0,0.0,4.0,0.0,0.0,5.0,6.0,0.0,13.0,0.0,0.0,1.0,0.0,0.0,0.0,0.0,0.0,0.0,0.0,0.0,1.0,0.0,0.0,0.0,0.0,0.0,0.0,0.0,0.0,0.0,0.0,0.0,0.0,0.0,0.0,0.0,0.0,0.0,0.0,0.0,0.0,0.0,0.0,0.0,0.0,0.0,0.0,0.0,0.0,0.0,0.0,0.0,0.0,0.0,0.0,0.0,0.0,0.0,0.0,0.0,0.0,0.0,0.0,0.0,0.0,0.0,0.0,0.0,0.0,907.0,1.0,908.0
Egypt,216.0,2375.0,31.0,592.0,32397.0,657.0,193.0,0.0,232.0,544.0,1.0,50.0,133.0,0.0,0.0,8.0,0.0,0.0,0.0,839.0,122.0,0.0,43.0,84.0,0.0,126.0,2.0,0.0,349.0,0.0,0.0,0.0,0.0,0.0,6.0,330.0,28.0,1255.0,487.0,21.0,0.0,0.0,0.0,47.0,59.0,62.0,1.0,0.0,0.0,0.0,0.0,0.0,0.0,0.0,0.0,0.0,0.0,11.0,13.0,6.0,89.0,0.0,45.0,3.0,1.0,0.0,0.0,87.0,34.0,0.0,0.0,0.0,0.0,9.0,0.0,0.0,0.0,0.0,0.0,0.0,0.0,0.0,0.0,0.0,0.0,0.0,41588.0,129.0,41717.0
Equatorial Guinea,24.0,36.0,1.0,20.0,13.0,21.0,0.0,0.0,0.0,0.0,0.0,0.0,0.0,0.0,0.0,0.0,0.0,0.0,0.0,12.0,0.0,0.0,9.0,15.0,0.0,3.0,0.0,0.0,0.0,0.0,0.0,0.0,0.0,0.0,0.0,0.0,0.0,4.0,2.0,0.0,0.0,0.0,0.0,0.0,0.0,0.0,0.0,0.0,0.0,0.0,0.0,0.0,0.0,0.0,0.0,0.0,0.0,0.0,0.0,0.0,0.0,0.0,0.0,0.0,0.0,0.0,0.0,0.0,0.0,0.0,0.0,0.0,0.0,0.0,0.0,0.0,0.0,0.0,0.0,0.0,0.0,0.0,0.0,0.0,0.0,0.0,160.0,0.0,160.0
Eritrea,8.0,31.0,5.0,272.0,362.0,415.0,5.0,0.0,4.0,0.0,0.0,0.0,2.0,0.0,0.0,0.0,0.0,0.0,0.0,35.0,1.0,0.0,8.0,17.0,0.0,10.0,1.0,0.0,1.0,0.0,0.0,0.0,1.0,0.0,0.0,0.0,0.0,27.0,7.0,1.0,0.0,0.0,0.0,0.0,4.0,1.0,0.0,0.0,0.0,0.0,0.0,0.0,0.0,0.0,0.0,0.0,0.0,0.0,0.0,0.0,0.0,0.0,0.0,0.0,0.0,0.0,0.0,2.0,0.0,0.0,0.0,0.0,0.0,0.0,0.0,0.0,0.0,0.0,0.0,0.0,0.0,0.0,0.0,0.0,0.0,0.0,1220.0,7.0,1227.0
Ethiopia,15.0,138.0,15.0,527.0,2393.0,1625.0,12.0,0.0,48.0,11.0,0.0,0.0,315.0,0.0,0.0,0.0,0.0,0.0,0.0,236.0,11.0,0.0,22.0,46.0,1.0,183.0,12.0,0.0,24.0,0.0,0.0,0.0,1.0,0.0,0.0,6.0,5.0,100.0,17.0,30.0,4.0,0.0,0.0,5.0,11.0,1.0,0.0,0.0,0.0,0.0,0.0,0.0,0.0,0.0,0.0,0.0,0.0,0.0,0.0,0.0,2.0,0.0,0.0,0.0,1.0,0.0,0.0,11.0,1.0,0.0,0.0,0.0,0.0,0.0,0.0,0.0,0.0,0.0,0.0,0.0,0.0,0.0,0.0,0.0,0.0,0.0,5829.0,83.0,5912.0
Gabon,33.0,64.0,1.0,11.0,650.0,98.0,0.0,0.0,0.0,5.0,0.0,2.0,7.0,0.0,0.0,0.0,0.0,0.0,0.0,105.0,2.0,0.0,26.0,97.0,0.0,13.0,2.0,0.0,6.0,0.0,0.0,0.0,0.0,0.0,0.0,3.0,0.0,5.0,1.0,1.0,0.0,0.0,0.0,0.0,0.0,1.0,0.0,0.0,0.0,0.0,0.0,0.0,0.0,0.0,0.0,0.0,0.0,0.0,0.0,0.0,22.0,0.0,0.0,0.0,0.0,0.0,0.0,0.0,0.0,0.0,0.0,0.0,0.0,0.0,0.0,0.0,0.0,0.0,0.0,0.0,0.0,0.0,0.0,0.0,0.0,0.0,1155.0,0.0,1155.0
"Gambia, The",9.0,60.0,0.0,37.0,1215.0,105.0,0.0,0.0,9.0,1.0,0.0,3.0,3.0,0.0,0.0,0.0,0.0,0.0,0.0,92.0,4.0,0.0,25.0,25.0,0.0,29.0,4.0,0.0,7.0,0.0,0.0,0.0,0.0,0.0,0.0,0.0,0.0,8.0,0.0,2.0,0.0,0.0,0.0,2.0,0.0,5.0,0.0,0.0,0.0,0.0,0.0,0.0,0.0,0.0,0.0,0.0,0.0,0.0,0.0,0.0,0.0,0.0,0.0,0.0,0.0,0.0,0.0,1.0,0.0,0.0,0.0,0.0,0.0,0.0,0.0,0.0,0.0,0.0,0.0,0.0,0.0,0.0,0.0,0.0,0.0,0.0,1646.0,0.0,1646.0
Ghana,52.0,191.0,7.0,1026.0,7108.0,3018.0,0.0,0.0,106.0,187.0,0.0,8.0,6.0,0.0,0.0,0.0,0.0,0.0,0.0,536.0,28.0,0.0,38.0,113.0,0.0,125.0,14.0,0.0,63.0,0.0,0.0,0.0,5.0,0.0,1.0,41.0,5.0,369.0,34.0,71.0,5.0,0.0,0.0,1.0,2.0,7.0,0.0,0.0,0.0,0.0,0.0,0.0,0.0,0.0,0.0,0.0,0.0,0.0,0.0,0.0,61.0,0.0,23.0,0.0,1.0,0.0,0.0,30.0,9.0,0.0,0.0,0.0,0.0,0.0,0.0,0.0,0.0,0.0,0.0,0.0,0.0,0.0,0.0,0.0,0.0,0.0,13291.0,0.0,13291.0
Guinea,21.0,167.0,2.0,43.0,4954.0,232.0,1.0,0.0,21.0,5.0,0.0,0.0,0.0,0.0,0.0,0.0,0.0,0.0,0.0,349.0,10.0,0.0,11.0,55.0,0.0,35.0,2.0,0.0,2.0,0.0,0.0,0.0,0.0,0.0,0.0,0.0,0.0,55.0,1.0,3.0,0.0,0.0,0.0,0.0,0.0,1.0,0.0,0.0,0.0,0.0,0.0,0.0,0.0,0.0,0.0,0.0,0.0,0.0,0.0,0.0,0.0,0.0,14.0,0.0,1.0,0.0,0.0,0.0,0.0,0.0,0.0,0.0,0.0,0.0,0.0,0.0,0.0,0.0,0.0,0.0,0.0,0.0,0.0,0.0,0.0,0.0,5985.0,7.0,5992.0
Guinea-Bissau,1.0,7.0,0.0,13.0,92.0,26.0,0.0,0.0,1.0,0.0,0.0,0.0,0.0,0.0,0.0,0.0,0.0,0.0,0.0,10.0,2.0,0.0,7.0,14.0,0.0,4.0,0.0,0.0,0.0,0.0,0.0,0.0,1.0,0.0,0.0,0.0,0.0,1.0,0.0,1.0,0.0,0.0,0.0,0.0,1.0,0.0,0.0,0.0,0.0,0.0,0.0,0.0,0.0,0.0,0.0,0.0,0.0,0.0,1.0,0.0,2.0,0.0,1.0,0.0,0.0,0.0,0.0,0.0,0.0,0.0,0.0,0.0,0.0,0.0,0.0,0.0,0.0,0.0,0.0,0.0,0.0,0.0,0.0,0.0,0.0,0.0,185.0,0.0,185.0
Kenya,78.0,95.0,27.0,182.0,5216.0,1087.0,0.0,0.0,20.0,3.0,0.0,1.0,3.0,0.0,0.0,0.0,0.0,0.0,0.0,2639.0,138.0,0.0,69.0,69.0,0.0,208.0,28.0,0.0,140.0,0.0,0.0,0.0,1.0,0.0,3.0,82.0,0.0,266.0,73.0,19.0,0.0,0.0,0.0,14.0,10.0,60.0,0.0,0.0,0.0,0.0,0.0,0.0,0.0,0.0,0.0,0.0,0.0,0.0,0.0,0.0,43.0,0.0,28.0,3.0,26.0,0.0,0.0,11.0,4.0,0.0,0.0,0.0,0.0,0.0,0.0,0.0,0.0,0.0,0.0,0.0,0.0,0.0,0.0,0.0,0.0,0.0,10646.0,0.0,10646.0
Lesotho,10.0,9.0,0.0,1.0,163.0,77.0,0.0,0.0,0.0,0.0,0.0,0.0,0.0,0.0,0.0,0.0,0.0,0.0,0.0,13.0,1.0,0.0,3.0,16.0,0.0,0.0,2.0,0.0,1.0,0.0,0.0,0.0,5.0,0.0,0.0,0.0,0.0,5.0,2.0,0.0,0.0,0.0,0.0,0.0,0.0,0.0,0.0,0.0,0.0,0.0,0.0,0.0,0.0,0.0,0.0,0.0,0.0,0.0,0.0,0.0,0.0,0.0,0.0,0.0,1.0,0.0,0.0,0.0,0.0,0.0,0.0,0.0,0.0,0.0,0.0,0.0,0.0,0.0,0.0,0.0,0.0,0.0,0.0,0.0,0.0,0.0,309.0,0.0,309.0
Liberia,30.0,15.0,2.0,142.0,1191.0,1214.0,0.0,0.0,8.0,5.0,0.0,1.0,0.0,0.0,0.0,0.0,0.0,0.0,0.0,136.0,22.0,0.0,6.0,19.0,0.0,41.0,0.0,0.0,6.0,0.0,0.0,0.0,1.0,0.0,1.0,0.0,0.0,13.0,7.0,12.0,0.0,0.0,0.0,0.0,0.0,7.0,0.0,0.0,0.0,0.0,0.0,0.0,0.0,0.0,0.0,0.0,0.0,0.0,0.0,0.0,0.0,0.0,0.0,0.0,0.0,0.0,0.0,4.0,5.0,0.0,0.0,0.0,0.0,0.0,0.0,0.0,0.0,0.0,0.0,0.0,0.0,0.0,0.0,0.0,0.0,0.0,2888.0,4.0,2892.0
Libya,0.0,1.0,0.0,13.0,59.0,119.0,0.0,0.0,0.0,0.0,0.0,0.0,1.0,0.0,0.0,0.0,0.0,0.0,0.0,10.0,0.0,0.0,63.0,68.0,0.0,6.0,0.0,0.0,3.0,0.0,0.0,0.0,0.0,0.0,0.0,0.0,0.0,4.0,2.0,17.0,0.0,0.0,0.0,0.0,3.0,0.0,0.0,0.0,0.0,0.0,0.0,0.0,0.0,0.0,0.0,0.0,0.0,0.0,0.0,0.0,0.0,0.0,0.0,0.0,0.0,0.0,0.0,0.0,0.0,0.0,0.0,0.0,0.0,1.0,0.0,0.0,0.0,0.0,0.0,0.0,0.0,0.0,0.0,0.0,0.0,0.0,370.0,0.0,370.0
Madagascar,41.0,24.0,3.0,103.0,197.0,210.0,0.0,0.0,2.0,11.0,0.0,1.0,60.0,0.0,0.0,0.0,0.0,0.0,0.0,33.0,7.0,0.0,29.0,44.0,0.0,37.0,2.0,0.0,5.0,0.0,0.0,0.0,0.0,0.0,0.0,0.0,0.0,80.0,2.0,2.0,0.0,0.0,0.0,3.0,0.0,3.0,0.0,0.0,0.0,0.0,0.0,0.0,0.0,0.0,0.0,0.0,0.0,0.0,0.0,0.0,0.0,0.0,2.0,0.0,3.0,0.0,0.0,5.0,0.0,0.0,0.0,0.0,0.0,0.0,0.0,0.0,0.0,0.0,0.0,0.0,0.0,0.0,0.0,0.0,0.0,0.0,909.0,5.0,914.0
Malawi,13.0,34.0,0.0,6.0,528.0,20.0,0.0,0.0,4.0,0.0,0.0,6.0,0.0,0.0,0.0,0.0,0.0,0.0,0.0,145.0,24.0,0.0,6.0,57.0,0.0,22.0,5.0,0.0,3.0,0.0,0.0,0.0,0.0,0.0,0.0,0.0,0.0,60.0,9.0,0.0,0.0,0.0,0.0,0.0,0.0,1.0,0.0,0.0,0.0,0.0,0.0,0.0,0.0,0.0,0.0,0.0,0.0,0.0,0.0,0.0,0.0,0.0,0.0,0.0,2.0,0.0,0.0,2.0,1.0,0.0,0.0,0.0,0.0,0.0,0.0,0.0,0.0,0.0,0.0,0.0,0.0,0.0,0.0,0.0,0.0,0.0,948.0,0.0,948.0
Mali,40.0,56.0,1.0,558.0,1428.0,711.0,0.0,0.0,58.0,0.0,0.0,4.0,20.0,0.0,0.0,0.0,0.0,0.0,0.0,128.0,2.0,0.0,22.0,79.0,0.0,88.0,5.0,0.0,10.0,0.0,0.0,0.0,1.0,0.0,0.0,1.0,2.0,78.0,9.0,3.0,0.0,0.0,0.0,1.0,4.0,1.0,0.0,0.0,0.0,0.0,0.0,0.0,0.0,0.0,0.0,0.0,0.0,0.0,0.0,0.0,12.0,0.0,2.0,0.0,0.0,0.0,0.0,0.0,0.0,0.0,0.0,0.0,0.0,0.0,0.0,0.0,0.0,0.0,0.0,0.0,0.0,0.0,0.0,0.0,0.0,0.0,3324.0,5.0,3329.0
Mauritania,4.0,16.0,3.0,129.0,157.0,221.0,0.0,0.0,5.0,20.0,0.0,1.0,7.0,0.0,0.0,0.0,0.0,0.0,0.0,93.0,3.0,0.0,30.0,34.0,0.0,32.0,1.0,0.0,3.0,0.0,0.0,0.0,0.0,0.0,0.0,0.0,0.0,9.0,1.0,1.0,0.0,0.0,0.0,1.0,0.0,0.0,0.0,0.0,0.0,0.0,0.0,0.0,0.0,0.0,0.0,0.0,0.0,2.0,1.0,0.0,0.0,0.0,0.0,0.0,0.0,0.0,0.0,1.0,0.0,0.0,0.0,0.0,0.0,0.0,0.0,0.0,0.0,0.0,0.0,0.0,0.0,0.0,0.0,0.0,0.0,0.0,775.0,0.0,775.0
Mauritius,2.0,19.0,0.0,22.0,857.0,598.0,0.0,0.0,3.0,52.0,0.0,1.0,1.0,0.0,0.0,0.0,0.0,0.0,0.0,58.0,1.0,0.0,6.0,18.0,0.0,38.0,4.0,0.0,22.0,0.0,0.0,0.0,0.0,0.0,0.0,9.0,3.0,25.0,4.0,2.0,0.0,0.0,0.0,4.0,3.0,4.0,0.0,0.0,0.0,0.0,0.0,0.0,0.0,0.0,0.0,0.0,0.0,0.0,0.0,0.0,0.0,0.0,0.0,0.0,0.0,0.0,0.0,0.0,0.0,0.0,0.0,0.0,0.0,0.0,0.0,0.0,0.0,0.0,0.0,0.0,0.0,0.0,0.0,0.0,0.0,0.0,1756.0,0.0,1756.0
Morocco,38.0,337.0,71.0,512.0,11344.0,4414.0,7.0,0.0,40.0,226.0,0.0,4.0,149.0,0.0,0.0,12.0,0.0,0.0,0.0,778.0,13.0,0.0,23.0,98.0,0.0,41.0,30.0,0.0,104.0,0.0,0.0,0.0,1.0,0.0,0.0,26.0,3.0,345.0,46.0,49.0,0.0,0.0,0.0,14.0,7.0,5.0,1.0,0.0,0.0,0.0,0.0,0.0,0.0,0.0,0.0,0.0,0.0,5.0,0.0,1.0,31.0,0.0,15.0,2.0,72.0,0.0,0.0,0.0,0.0,0.0,0.0,0.0,0.0,4.0,0.0,0.0,0.0,0.0,0.0,0.0,0.0,0.0,0.0,0.0,0.0,0.0,18868.0,97.0,18965.0
Mozambique,56.0,74.0,11.0,7.0,448.0,11.0,0.0,0.0,41.0,2.0,0.0,0.0,0.0,0.0,0.0,0.0,0.0,0.0,0.0,39.0,6.0,0.0,12.0,11.0,0.0,27.0,3.0,0.0,4.0,0.0,0.0,0.0,0.0,0.0,0.0,0.0,0.0,64.0,2.0,0.0,1.0,0.0,0.0,0.0,0.0,1.0,0.0,0.0,0.0,0.0,0.0,0.0,0.0,0.0,0.0,0.0,0.0,0.0,1.0,0.0,0.0,0.0,33.0,0.0,0.0,0.0,0.0,0.0,0.0,0.0,0.0,0.0,0.0,0.0,0.0,0.0,0.0,0.0,0.0,0.0,0.0,0.0,0.0,0.0,0.0,0.0,854.0,0.0,854.0
Namibia,18.0,91.0,2.0,4.0,416.0,19.0,0.0,0.0,5.0,6.0,0.0,3.0,1.0,0.0,0.0,0.0,0.0,0.0,0.0,17.0,10.0,0.0,25.0,21.0,0.0,3.0,4.0,0.0,2.0,0.0,0.0,0.0,0.0,0.0,0.0,2.0,0.0,92.0,15.0,1.0,0.0,0.0,0.0,1.0,2.0,1.0,0.0,0.0,0.0,0.0,0.0,0.0,0.0,0.0,0.0,0.0,0.0,0.0,0.0,0.0,0.0,0.0,0.0,0.0,0.0,0.0,0.0,2.0,1.0,0.0,0.0,0.0,0.0,0.0,0.0,0.0,0.0,0.0,0.0,0.0,0.0,0.0,0.0,0.0,0.0,0.0,764.0,0.0,764.0
Niger,26.0,32.0,8.0,286.0,78.0,183.0,0.0,0.0,13.0,2.0,0.0,2.0,16.0,0.0,0.0,0.0,0.0,0.0,0.0,63.0,1.0,0.0,2.0,70.0,0.0,26.0,2.0,0.0,4.0,0.0,0.0,0.0,0.0,0.0,0.0,0.0,0.0,20.0,7.0,0.0,0.0,0.0,0.0,1.0,3.0,0.0,0.0,0.0,0.0,0.0,0.0,0.0,0.0,0.0,0.0,0.0,0.0,0.0,0.0,0.0,0.0,0.0,0.0,0.0,0.0,0.0,0.0,0.0,0.0,0.0,0.0,0.0,0.0,0.0,0.0,0.0,0.0,0.0,0.0,0.0,0.0,0.0,0.0,0.0,0.0,0.0,845.0,2.0,847.0
Nigeria,142.0,94.0,14.0,920.0,21453.0,1098.0,0.0,0.0,59.0,35.0,1.0,10.0,34.0,0.0,0.0,0.0,0.0,0.0,0.0,870.0,62.0,0.0,141.0,229.0,0.0,106.0,11.0,0.0,212.0,0.0,0.0,0.0,0.0,0.0,2.0,168.0,16.0,261.0,99.0,262.0,12.0,0.0,0.0,56.0,113.0,28.0,0.0,0.0,0.0,0.0,0.0,0.0,0.0,0.0,0.0,0.0,0.0,1.0,0.0,1.0,66.0,0.0,292.0,0.0,0.0,0.0,0.0,88.0,8.0,0.0,0.0,0.0,0.0,0.0,0.0,0.0,0.0,0.0,0.0,0.0,0.0,0.0,0.0,0.0,0.0,0.0,26964.0,2.0,26966.0
Rwanda,4.0,40.0,2.0,11.0,896.0,39.0,2.0,0.0,16.0,0.0,0.0,4.0,0.0,0.0,0.0,0.0,0.0,0.0,0.0,62.0,11.0,0.0,6.0,23.0,0.0,20.0,1.0,0.0,1.0,0.0,0.0,0.0,0.0,0.0,0.0,0.0,0.0,14.0,2.0,3.0,2.0,0.0,0.0,0.0,0.0,3.0,0.0,0.0,0.0,0.0,0.0,0.0,0.0,0.0,0.0,0.0,0.0,0.0,0.0,0.0,0.0,0.0,12.0,0.0,0.0,0.0,0.0,1.0,4.0,0.0,0.0,0.0,0.0,0.0,0.0,0.0,0.0,0.0,0.0,0.0,0.0,0.0,0.0,0.0,0.0,0.0,1179.0,13.0,1192.0
Sao Tome and Principe,4.0,33.0,0.0,0.0,43.0,6.0,0.0,0.0,0.0,0.0,0.0,1.0,0.0,0.0,0.0,0.0,0.0,0.0,0.0,2.0,0.0,0.0,3.0,7.0,0.0,1.0,0.0,0.0,1.0,0.0,0.0,0.0,0.0,0.0,0.0,0.0,0.0,0.0,0.0,0.0,0.0,0.0,0.0,0.0,0.0,0.0,0.0,0.0,0.0,0.0,0.0,0.0,0.0,0.0,0.0,0.0,0.0,0.0,0.0,0.0,0.0,0.0,1.0,0.0,0.0,0.0,0.0,0.0,0.0,0.0,0.0,0.0,0.0,0.0,0.0,0.0,0.0,0.0,0.0,0.0,0.0,0.0,0.0,0.0,0.0,0.0,102.0,0.0,102.0
Senegal,58.0,113.0,4.0,280.0,5627.0,1104.0,2.0,0.0,73.0,2.0,0.0,34.0,44.0,0.0,0.0,0.0,0.0,0.0,0.0,374.0,3.0,0.0,45.0,103.0,0.0,184.0,16.0,0.0,29.0,0.0,0.0,0.0,0.0,0.0,0.0,20.0,2.0,197.0,11.0,14.0,0.0,0.0,0.0,4.0,8.0,0.0,0.0,0.0,0.0,0.0,0.0,0.0,0.0,0.0,0.0,0.0,0.0,4.0,4.0,0.0,62.0,0.0,1.0,0.0,3.0,0.0,0.0,1.0,0.0,0.0,0.0,0.0,0.0,0.0,0.0,0.0,0.0,0.0,0.0,0.0,0.0,0.0,0.0,0.0,0.0,0.0,8426.0,15.0,8441.0
Seychelles,0.0,10.0,3.0,23.0,130.0,60.0,0.0,0.0,1.0,2.0,0.0,0.0,0.0,0.0,0.0,0.0,0.0,0.0,0.0,2.0,0.0,0.0,0.0,7.0,0.0,1.0,1.0,0.0,1.0,0.0,0.0,0.0,0.0,0.0,0.0,0.0,1.0,2.0,0.0,2.0,1.0,0.0,0.0,0.0,0.0,0.0,0.0,0.0,0.0,0.0,0.0,0.0,0.0,0.0,0.0,0.0,0.0,0.0,0.0,0.0,0.0,0.0,0.0,0.0,0.0,0.0,0.0,0.0,0.0,0.0,0.0,0.0,0.0,0.0,0.0,0.0,0.0,0.0,0.0,0.0,0.0,0.0,0.0,0.0,0.0,0.0,247.0,0.0,247.0
Sierra Leone,10.0,5.0,1.0,10.0,1104.0,109.0,0.0,0.0,11.0,5.0,0.0,4.0,0.0,0.0,0.0,0.0,0.0,0.0,0.0,61.0,4.0,0.0,12.0,18.0,0.0,65.0,3.0,0.0,7.0,0.0,0.0,0.0,0.0,0.0,0.0,3.0,0.0,12.0,1.0,10.0,0.0,0.0,0.0,0.0,0.0,2.0,0.0,0.0,0.0,0.0,0.0,0.0,0.0,0.0,0.0,0.0,0.0,0.0,0.0,0.0,0.0,0.0,0.0,0.0,0.0,0.0,0.0,5.0,0.0,0.0,0.0,0.0,0.0,0.0,0.0,0.0,0.0,0.0,0.0,0.0,0.0,0.0,0.0,0.0,0.0,0.0,1462.0,0.0,1462.0
Somalia,0.0,0.0,0.0,31.0,288.0,375.0,1.0,0.0,8.0,0.0,0.0,0.0,3.0,0.0,0.0,0.0,0.0,0.0,0.0,19.0,0.0,0.0,2.0,3.0,2.0,32.0,0.0,0.0,1.0,0.0,0.0,0.0,0.0,0.0,0.0,1.0,0.0,2.0,0.0,10.0,0.0,0.0,0.0,0.0,0.0,2.0,0.0,0.0,0.0,0.0,0.0,0.0,0.0,0.0,0.0,0.0,0.0,0.0,0.0,0.0,0.0,0.0,0.0,0.0,0.0,0.0,0.0,0.0,0.0,0.0,0.0,0.0,0.0,0.0,0.0,0.0,0.0,0.0,0.0,0.0,0.0,0.0,0.0,0.0,0.0,0.0,780.0,3.0,783.0
South Africa,105.0,412.0,7.0,190.0,61289.0,1372.0,1.0,0.0,162.0,1620.0,0.0,60.0,165.0,0.0,1.0,3.0,0.0,0.0,0.0,682.0,92.0,0.0,38.0,61.0,0.0,77.0,1.0,2.0,1301.0,0.0,0.0,6.0,69.0,0.0,21.0,1490.0,30.0,2427.0,234.0,34.0,7.0,0.0,0.0,460.0,547.0,32.0,11.0,0.0,0.0,0.0,0.0,0.0,0.0,0.0,0.0,0.0,0.0,28.0,9.0,7.0,67.0,4.0,41.0,3.0,44.0,0.0,0.0,78.0,62.0,0.0,0.0,0.0,0.0,2.0,0.0,0.0,0.0,0.0,0.0,0.0,0.0,0.0,0.0,0.0,0.0,0.0,73354.0,0.0,73354.0
Sudan,23.0,47.0,29.0,581.0,573.0,1287.0,20.0,0.0,34.0,4.0,0.0,2.0,34.0,0.0,0.0,0.0,0.0,0.0,0.0,200.0,22.0,0.0,36.0,62.0,0.0,89.0,3.0,0.0,37.0,0.0,0.0,0.0,0.0,0.0,0.0,14.0,2.0,9.0,11.0,2.0,0.0,0.0,0.0,2.0,3.0,8.0,0.0,0.0,0.0,0.0,0.0,0.0,0.0,0.0,0.0,0.0,0.0,2.0,0.0,0.0,2.0,1.0,1.0,0.0,0.0,0.0,0.0,3.0,0.0,0.0,0.0,0.0,0.0,0.0,0.0,0.0,0.0,0.0,0.0,0.0,0.0,0.0,0.0,0.0,0.0,0.0,3143.0,64.0,3207.0
Swaziland,10.0,23.0,0.0,2.0,152.0,9.0,0.0,0.0,0.0,1.0,0.0,1.0,0.0,0.0,0.0,0.0,0.0,0.0,0.0,26.0,0.0,0.0,13.0,22.0,0.0,1.0,1.0,0.0,0.0,0.0,0.0,0.0,0.0,0.0,0.0,0.0,2.0,16.0,2.0,2.0,0.0,0.0,0.0,3.0,2.0,0.0,0.0,0.0,0.0,0.0,0.0,0.0,0.0,0.0,0.0,0.0,0.0,1.0,0.0,0.0,0.0,0.0,0.0,0.0,0.0,0.0,0.0,0.0,0.0,0.0,0.0,0.0,0.0,0.0,0.0,0.0,0.0,0.0,0.0,0.0,0.0,0.0,0.0,0.0,0.0,0.0,289.0,0.0,289.0
Tanzania,27.0,37.0,3.0,315.0,835.0,1105.0,1.0,0.0,9.0,2.0,0.0,0.0,10.0,0.0,0.0,0.0,0.0,0.0,0.0,491.0,36.0,0.0,28.0,86.0,0.0,84.0,5.0,0.0,36.0,0.0,0.0,0.0,0.0,0.0,2.0,10.0,0.0,360.0,35.0,4.0,0.0,0.0,0.0,0.0,0.0,16.0,0.0,0.0,0.0,0.0,0.0,0.0,0.0,0.0,0.0,0.0,0.0,0.0,0.0,0.0,0.0,0.0,2.0,0.0,2.0,0.0,0.0,18.0,4.0,0.0,0.0,0.0,0.0,1.0,0.0,0.0,0.0,0.0,0.0,0.0,0.0,0.0,0.0,0.0,0.0,0.0,3564.0,0.0,3564.0
Togo,40.0,34.0,6.0,36.0,352.0,417.0,0.0,0.0,26.0,0.0,0.0,0.0,21.0,0.0,0.0,0.0,0.0,0.0,0.0,109.0,4.0,0.0,23.0,61.0,0.0,31.0,5.0,0.0,6.0,0.0,0.0,0.0,0.0,0.0,0.0,0.0,0.0,26.0,3.0,7.0,0.0,0.0,0.0,1.0,0.0,1.0,0.0,0.0,0.0,0.0,0.0,0.0,0.0,0.0,0.0,0.0,0.0,0.0,0.0,0.0,1.0,0.0,15.0,0.0,1.0,0.0,0.0,0.0,0.0,0.0,0.0,0.0,0.0,0.0,0.0,0.0,0.0,0.0,0.0,0.0,0.0,0.0,0.0,0.0,0.0,0.0,1226.0,2.0,1228.0
Tunisia,37.0,250.0,6.0,105.0,3347.0,3666.0,3.0,0.0,15.0,71.0,0.0,0.0,19.0,0.0,0.0,2.0,0.0,0.0,0.0,179.0,5.0,0.0,23.0,66.0,0.0,42.0,4.0,0.0,23.0,0.0,0.0,0.0,0.0,0.0,0.0,3.0,2.0,118.0,32.0,3.0,0.0,0.0,0.0,5.0,5.0,9.0,0.0,0.0,0.0,0.0,0.0,0.0,0.0,0.0,0.0,0.0,0.0,3.0,0.0,2.0,0.0,0.0,0.0,0.0,0.0,0.0,0.0,0.0,0.0,0.0,0.0,0.0,0.0,3.0,0.0,0.0,0.0,0.0,0.0,0.0,0.0,0.0,0.0,0.0,0.0,0.0,8048.0,32.0,8080.0
Uganda,19.0,123.0,1.0,6.0,2329.0,96.0,0.0,0.0,13.0,7.0,0.0,4.0,2.0,0.0,0.0,0.0,0.0,0.0,0.0,233.0,11.0,0.0,16.0,9.0,0.0,86.0,6.0,0.0,18.0,0.0,0.0,0.0,2.0,0.0,2.0,4.0,2.0,122.0,14.0,3.0,0.0,0.0,0.0,0.0,0.0,3.0,0.0,0.0,0.0,0.0,0.0,0.0,0.0,0.0,0.0,0.0,0.0,1.0,0.0,0.0,1.0,0.0,34.0,0.0,7.0,0.0,0.0,12.0,2.0,0.0,0.0,0.0,0.0,0.0,0.0,0.0,0.0,0.0,0.0,0.0,0.0,0.0,0.0,0.0,0.0,0.0,3188.0,0.0,3188.0
Zambia,28.0,61.0,3.0,14.0,1345.0,160.0,0.0,0.0,0.0,1.0,0.0,3.0,7.0,0.0,0.0,0.0,0.0,0.0,0.0,207.0,38.0,0.0,38.0,55.0,0.0,67.0,5.0,0.0,7.0,0.0,0.0,0.0,0.0,0.0,0.0,11.0,2.0,161.0,24.0,1.0,0.0,0.0,0.0,1.0,1.0,2.0,0.0,0.0,0.0,0.0,0.0,0.0,0.0,0.0,0.0,0.0,0.0,0.0,0.0,0.0,0.0,0.0,14.0,0.0,1.0,0.0,0.0,3.0,0.0,0.0,0.0,0.0,0.0,0.0,0.0,0.0,0.0,0.0,0.0,0.0,0.0,0.0,0.0,0.0,0.0,0.0,2260.0,1.0,2261.0
Zimbabwe,29.0,180.0,1.0,18.0,4347.0,97.0,0.0,0.0,7.0,9.0,0.0,1.0,2.0,0.0,0.0,0.0,0.0,0.0,0.0,553.0,85.0,0.0,22.0,77.0,0.0,98.0,7.0,0.0,53.0,0.0,0.0,0.0,1.0,0.0,0.0,30.0,1.0,167.0,43.0,7.0,0.0,0.0,0.0,5.0,4.0,16.0,12.0,0.0,0.0,0.0,0.0,0.0,0.0,0.0,0.0,0.0,0.0,1.0,0.0,0.0,29.0,0.0,14.0,2.0,2.0,0.0,0.0,7.0,7.0,0.0,0.0,0.0,0.0,0.0,0.0,0.0,0.0,0.0,0.0,0.0,0.0,0.0,0.0,0.0,0.0,0.0,5934.0,0.0,5934.0
Totals for Africa,1665.0,6058.0,292.0,9676.0,187743.0,33332.0,271.0,0.0,1376.0,2876.0,2.0,287.0,1352.0,0.0,1.0,27.0,0.0,0.0,0.0,12038.0,864.0,0.0,1157.0,2719.0,6.0,2823.0,241.0,2.0,2648.0,0.0,0.0,6.0,90.0,0.0,42.0,2330.0,142.0,7303.0,1329.0,661.0,39.0,0.0,0.0,668.0,856.0,312.0,25.0,0.0,0.0,0.0,0.0,0.0,0.0,0.0,0.0,0.0,0.0,66.0,30.0,18.0,548.0,5.0,700.0,14.0,189.0,0.0,0.0,391.0,145.0,0.0,0.0,0.0,0.0,28.0,0.0,0.0,0.0,0.0,0.0,0.0,0.0,0.0,0.0,0.0,0.0,0.0,283393.0,678.0,284071.0
,,,,,,,,,,,,,,,,,,,,,,,,,,,,,,,,,,,,,,,,,,,,,,,,,,,,,,,,,,,,,,,,,,,,,,,,,,,,,,,,,,,,,,,,,
Asia,,,,,,,,,,,,,,,,,,,,,,,,,,,,,,,,,,,,,,,,,,,,,,,,,,,,,,,,,,,,,,,,,,,,,,,,,,,,,,,,,,,,,,,,,
Afghanistan,0.0,1.0,0.0,61.0,752.0,1044.0,12.0,0.0,32.0,3.0,0.0,0.0,0.0,0.0,0.0,0.0,0.0,0.0,0.0,22.0,0.0,0.0,6.0,3.0,17.0,27.0,0.0,0.0,5.0,0.0,0.0,0.0,0.0,0.0,0.0,2.0,0.0,10.0,1.0,45.0,0.0,0.0,0.0,8.0,5.0,1.0,0.0,0.0,0.0,0.0,0.0,0.0,0.0,0.0,0.0,0.0,0.0,0.0,0.0,0.0,0.0,0.0,22.0,0.0,0.0,0.0,0.0,0.0,0.0,0.0,0.0,0.0,0.0,0.0,0.0,0.0,0.0,0.0,0.0,0.0,0.0,0.0,0.0,0.0,0.0,0.0,2079.0,85.0,2164.0
Bahrain,8.0,201.0,0.0,8.0,1124.0,1031.0,0.0,0.0,1.0,5.0,1.0,0.0,3.0,0.0,0.0,0.0,0.0,0.0,0.0,224.0,16.0,0.0,9.0,15.0,0.0,0.0,0.0,0.0,7.0,0.0,0.0,0.0,0.0,0.0,1.0,7.0,0.0,19.0,8.0,0.0,0.0,0.0,0.0,0.0,1.0,5.0,0.0,0.0,0.0,0.0,0.0,0.0,0.0,0.0,0.0,0.0,0.0,0.0,0.0,0.0,0.0,0.0,0.0,0.0,0.0,0.0,0.0,0.0,0.0,0.0,0.0,0.0,0.0,0.0,0.0,0.0,0.0,0.0,0.0,0.0,0.0,0.0,0.0,0.0,0.0,0.0,2694.0,0.0,2694.0
Bangladesh,33.0,242.0,18.0,327.0,5166.0,5008.0,1.0,0.0,58.0,696.0,0.0,14.0,1.0,0.0,0.0,4.0,0.0,0.0,0.0,992.0,185.0,0.0,47.0,88.0,0.0,201.0,22.0,0.0,443.0,0.0,0.0,0.0,1.0,0.0,1.0,261.0,1.0,163.0,111.0,5.0,0.0,0.0,0.0,15.0,20.0,5.0,0.0,0.0,0.0,0.0,0.0,0.0,0.0,0.0,0.0,0.0,0.0,0.0,0.0,0.0,7.0,0.0,8.0,0.0,0.0,0.0,0.0,9.0,0.0,0.0,0.0,0.0,0.0,1.0,0.0,0.0,0.0,0.0,0.0,0.0,0.0,0.0,0.0,0.0,0.0,0.0,14154.0,0.0,14154.0
Bhutan,1.0,4.0,0.0,18.0,58.0,48.0,0.0,0.0,0.0,4.0,0.0,3.0,2.0,0.0,0.0,0.0,0.0,0.0,0.0,31.0,0.0,0.0,13.0,20.0,0.0,8.0,3.0,0.0,0.0,0.0,0.0,0.0,0.0,0.0,0.0,0.0,0.0,11.0,1.0,0.0,0.0,0.0,0.0,0.0,1.0,2.0,5.0,0.0,0.0,0.0,0.0,0.0,0.0,0.0,0.0,0.0,0.0,0.0,0.0,0.0,0.0,0.0,0.0,0.0,0.0,0.0,0.0,9.0,0.0,0.0,0.0,0.0,0.0,0.0,0.0,0.0,0.0,0.0,0.0,0.0,0.0,0.0,0.0,0.0,0.0,0.0,242.0,0.0,242.0
Brunei,7.0,33.0,6.0,1.0,50.0,14.0,0.0,0.0,0.0,11.0,0.0,6.0,10.0,0.0,0.0,0.0,0.0,0.0,0.0,14.0,1.0,0.0,9.0,31.0,0.0,0.0,1.0,0.0,3.0,0.0,0.0,0.0,0.0,0.0,0.0,0.0,4.0,2.0,1.0,0.0,0.0,0.0,0.0,0.0,0.0,1.0,0.0,0.0,0.0,0.0,0.0,0.0,0.0,0.0,0.0,0.0,0.0,0.0,0.0,0.0,0.0,0.0,0.0,0.0,0.0,0.0,0.0,0.0,0.0,0.0,0.0,0.0,0.0,0.0,0.0,0.0,0.0,0.0,0.0,0.0,0.0,0.0,0.0,0.0,0.0,0.0,205.0,0.0,205.0
Burma,35.0,2.0,5.0,287.0,64.0,958.0,6.0,0.0,691.0,8.0,0.0,1.0,1467.0,0.0,0.0,0.0,0.0,0.0,0.0,215.0,12.0,0.0,20.0,32.0,0.0,74.0,3.0,0.0,41.0,0.0,0.0,0.0,0.0,0.0,1.0,34.0,0.0,27.0,8.0,11.0,0.0,0.0,0.0,1.0,3.0,2.0,0.0,0.0,0.0,0.0,0.0,0.0,0.0,0.0,0.0,0.0,0.0,0.0,0.0,0.0,8.0,0.0,0.0,0.0,0.0,0.0,0.0,57.0,6.0,0.0,0.0,0.0,0.0,0.0,0.0,0.0,0.0,0.0,0.0,0.0,0.0,0.0,0.0,0.0,0.0,0.0,4079.0,4.0,4083.0
Cambodia,37.0,7.0,0.0,74.0,268.0,101.0,1.0,0.0,2.0,0.0,0.0,4.0,0.0,0.0,0.0,0.0,0.0,0.0,0.0,20.0,1.0,0.0,12.0,5.0,0.0,4.0,1.0,0.0,1.0,0.0,0.0,0.0,2.0,0.0,0.0,6.0,0.0,41.0,8.0,64.0,4.0,0.0,0.0,0.0,0.0,0.0,0.0,0.0,0.0,0.0,0.0,0.0,0.0,0.0,0.0,0.0,0.0,0.0,0.0,0.0,0.0,0.0,0.0,0.0,0.0,0.0,0.0,6.0,0.0,0.0,0.0,0.0,0.0,0.0,0.0,0.0,0.0,0.0,0.0,0.0,0.0,0.0,0.0,0.0,0.0,0.0,669.0,7.0,676.0
China - mainland,392.0,646.0,2.0,99936.0,63385.0,34011.0,2208.0,0.0,7795.0,65.0,2.0,807.0,3053.0,0.0,0.0,7.0,0.0,0.0,0.0,13958.0,4090.0,0.0,88.0,371.0,0.0,263.0,26.0,3.0,3880.0,0.0,0.0,1.0,730.0,0.0,58.0,2562.0,356.0,6462.0,3341.0,714.0,29.0,0.0,0.0,1535.0,1467.0,58.0,0.0,0.0,0.0,0.0,0.0,0.0,0.0,0.0,0.0,0.0,1.0,88.0,11.0,37.0,264.0,7.0,453.0,7.0,73.0,0.0,0.0,18.0,1.0,0.0,0.0,0.0,0.0,56.0,0.0,0.0,0.0,0.0,0.0,0.0,0.0,0.0,0.0,0.0,0.0,0.0,253317.0,1797.0,255114.0
China - Taiwan,0.0,1.0,0.0,89.0,235914.0,1360.0,1947.0,0.0,205.0,2592.0,0.0,3.0,5.0,0.0,1254.0,212.0,0.0,0.0,0.0,13867.0,600.0,0.0,0.0,0.0,0.0,12.0,0.0,0.0,1693.0,0.0,0.0,0.0,1.0,0.0,14.0,597.0,144.0,995.0,577.0,43.0,2.0,0.0,0.0,233.0,312.0,117.0,2.0,0.0,0.0,0.0,0.0,0.0,0.0,0.0,0.0,0.0,0.0,12.0,2.0,1.0,70.0,0.0,192.0,0.0,0.0,0.0,0.0,68.0,10.0,0.0,0.0,0.0,0.0,4.0,0.0,0.0,0.0,0.0,0.0,0.0,0.0,0.0,0.0,0.0,0.0,0.0,263150.0,817.0,263967.0
Hong Kong S.A.R.,0.0,5.0,0.0,256.0,30079.0,3860.0,488.0,0.0,38.0,79.0,0.0,0.0,0.0,0.0,0.0,0.0,0.0,0.0,0.0,491.0,11.0,0.0,0.0,2.0,0.0,8.0,0.0,0.0,159.0,0.0,0.0,0.0,0.0,0.0,1.0,9.0,18.0,75.0,7.0,13.0,0.0,0.0,0.0,28.0,23.0,1.0,0.0,0.0,0.0,0.0,0.0,0.0,0.0,0.0,0.0,0.0,0.0,5.0,12.0,1.0,5.0,0.0,7.0,0.0,2.0,0.0,0.0,2.0,0.0,0.0,0.0,0.0,0.0,1.0,0.0,0.0,0.0,0.0,0.0,0.0,0.0,0.0,0.0,0.0,0.0,0.0,35686.0,80.0,35766.0
India,192.0,685.0,113.0,20215.0,79793.0,89238.0,0.0,0.0,786.0,10625.0,3.0,511.0,511.0,0.0,0.0,17.0,0.0,0.0,0.0,12154.0,751.0,0.0,65.0,241.0,0.0,733.0,66.0,1.0,40246.0,0.0,0.0,0.0,73.0,0.0,36.0,24303.0,114.0,2855.0,1485.0,631.0,26.0,0.0,0.0,2276.0,2167.0,297.0,7.0,0.0,0.0,0.0,0.0,0.0,0.0,0.0,0.0,0.0,0.0,138.0,252.0,52.0,42.0,2.0,2699.0,12.0,2.0,0.0,0.0,682.0,106.0,0.0,0.0,0.0,0.0,16.0,0.0,0.0,0.0,0.0,0.0,0.0,0.0,0.0,0.0,0.0,0.0,0.0,295219.0,1.0,295220.0
Indonesia,150.0,413.0,260.0,1031.0,22275.0,1029.0,62.0,0.0,93.0,4710.0,0.0,19.0,26.0,0.0,2.0,3.0,0.0,0.0,0.0,6198.0,375.0,0.0,130.0,86.0,0.0,84.0,46.0,0.0,345.0,0.0,0.0,0.0,3.0,0.0,19.0,146.0,57.0,478.0,228.0,63.0,2.0,0.0,0.0,130.0,242.0,43.0,3.0,0.0,0.0,0.0,0.0,0.0,0.0,0.0,0.0,0.0,0.0,4.0,0.0,1.0,11.0,0.0,4.0,0.0,0.0,0.0,0.0,29.0,9.0,0.0,0.0,0.0,0.0,1.0,0.0,0.0,0.0,0.0,0.0,0.0,0.0,0.0,0.0,0.0,0.0,0.0,38810.0,27.0,38837.0
Iran,0.0,3.0,7.0,718.0,3645.0,16957.0,0.0,0.0,122.0,24.0,1.0,1.0,20.0,0.0,0.0,22.0,0.0,0.0,0.0,369.0,37.0,0.0,126.0,208.0,0.0,224.0,6.0,0.0,151.0,0.0,0.0,0.0,0.0,0.0,0.0,107.0,21.0,103.0,76.0,251.0,20.0,0.0,0.0,29.0,16.0,3.0,0.0,0.0,0.0,0.0,0.0,0.0,0.0,0.0,0.0,0.0,0.0,2.0,0.0,4.0,1.0,0.0,12.0,0.0,0.0,0.0,0.0,1.0,0.0,0.0,0.0,0.0,0.0,9.0,0.0,0.0,0.0,0.0,0.0,0.0,0.0,0.0,0.0,0.0,0.0,0.0,23296.0,0.0,23296.0
Iraq,1.0,5.0,0.0,67.0,716.0,984.0,0.0,0.0,43.0,2.0,0.0,0.0,2.0,0.0,0.0,0.0,0.0,0.0,0.0,39.0,2.0,0.0,65.0,83.0,0.0,25.0,0.0,0.0,94.0,0.0,0.0,0.0,0.0,0.0,0.0,121.0,0.0,10.0,7.0,65.0,3.0,0.0,0.0,5.0,2.0,0.0,0.0,0.0,0.0,0.0,0.0,0.0,0.0,0.0,0.0,0.0,0.0,7.0,22.0,0.0,1.0,0.0,1.0,0.0,0.0,0.0,0.0,5.0,0.0,0.0,0.0,0.0,0.0,1.0,0.0,0.0,0.0,0.0,0.0,0.0,0.0,0.0,0.0,0.0,0.0,0.0,2378.0,0.0,2378.0
Israel,266.0,1354.0,2.0,186.0,110799.0,3874.0,325.0,0.0,63.0,412.0,0.0,34.0,830.0,0.0,735.0,2.0,0.0,0.0,0.0,1822.0,135.0,0.0,13.0,13.0,0.0,34.0,0.0,0.0,823.0,0.0,0.0,0.0,3.0,0.0,55.0,780.0,51.0,2325.0,1362.0,26.0,1.0,0.0,0.0,480.0,801.0,30.0,3.0,0.0,0.0,0.0,0.0,0.0,0.0,0.0,0.0,0.0,0.0,57.0,8.0,26.0,216.0,2.0,177.0,3.0,0.0,0.0,0.0,68.0,40.0,0.0,0.0,0.0,0.0,2.0,0.0,0.0,0.0,0.0,0.0,0.0,0.0,0.0,0.0,0.0,0.0,0.0,128238.0,100.0,128338.0
Japan,358.0,8181.0,18.0,1358.0,8708.0,852.0,71.0,0.0,10.0,7610.0,0.0,2201.0,10.0,0.0,3307.0,10280.0,0.0,0.0,0.0,34063.0,1103.0,0.0,54.0,32.0,0.0,345.0,3.0,0.0,2878.0,0.0,0.0,0.0,633.0,0.0,482.0,1281.0,1838.0,7605.0,4160.0,370.0,8.0,0.0,0.0,7407.0,10085.0,1138.0,16.0,0.0,0.0,0.0,0.0,0.0,0.0,0.0,0.0,0.0,1.0,143.0,54.0,28.0,363.0,29.0,251.0,23.0,55.0,0.0,0.0,182.0,73.0,0.0,0.0,0.0,0.0,12.0,0.0,0.0,0.0,0.0,0.0,0.0,0.0,0.0,0.0,0.0,0.0,0.0,117679.0,33.0,117712.0
Jordan,71.0,786.0,8.0,272.0,10259.0,2369.0,100.0,0.0,54.0,285.0,0.0,1.0,139.0,0.0,0.0,1.0,0.0,0.0,0.0,677.0,106.0,0.0,17.0,47.0,0.0,54.0,0.0,0.0,270.0,0.0,0.0,0.0,0.0,0.0,1.0,157.0,13.0,315.0,125.0,59.0,2.0,0.0,0.0,19.0,47.0,7.0,0.0,0.0,0.0,0.0,0.0,0.0,0.0,0.0,0.0,0.0,0.0,7.0,1.0,2.0,0.0,0.0,0.0,0.0,0.0,0.0,0.0,5.0,0.0,0.0,0.0,0.0,0.0,1.0,0.0,0.0,0.0,0.0,0.0,0.0,0.0,0.0,0.0,0.0,0.0,0.0,16277.0,43.0,16320.0
"Korea, North",0.0,0.0,0.0,63.0,197.0,1169.0,0.0,0.0,1.0,0.0,0.0,0.0,0.0,0.0,0.0,0.0,0.0,0.0,0.0,31.0,0.0,0.0,0.0,0.0,63.0,0.0,0.0,0.0,2.0,0.0,0.0,0.0,0.0,0.0,0.0,0.0,0.0,1.0,0.0,0.0,0.0,0.0,0.0,2.0,0.0,1.0,0.0,0.0,0.0,0.0,0.0,0.0,0.0,0.0,0.0,0.0,0.0,0.0,0.0,0.0,1.0,0.0,0.0,0.0,0.0,0.0,0.0,0.0,0.0,0.0,0.0,0.0,0.0,0.0,0.0,0.0,0.0,0.0,0.0,0.0,0.0,0.0,0.0,0.0,0.0,0.0,1531.0,0.0,1531.0
"Korea, South",325.0,1355.0,7.0,494.0,328614.0,2986.0,1209.0,0.0,118.0,4640.0,0.0,38.0,5.0,0.0,930.0,683.0,0.0,0.0,0.0,21271.0,4388.0,0.0,61.0,52.0,0.0,131.0,7.0,0.0,940.0,0.0,0.0,0.0,115.0,0.0,21.0,964.0,401.0,3087.0,3787.0,223.0,4.0,0.0,0.0,999.0,1862.0,173.0,26.0,0.0,0.0,0.0,0.0,0.0,0.0,0.0,0.0,0.0,0.0,37.0,22.0,17.0,160.0,0.0,99.0,0.0,0.0,0.0,0.0,182.0,111.0,0.0,0.0,0.0,0.0,9.0,0.0,0.0,0.0,0.0,0.0,0.0,0.0,0.0,0.0,0.0,0.0,0.0,380553.0,92.0,380645.0
Kuwait,54.0,553.0,0.0,6.0,13319.0,38.0,2.0,0.0,7.0,0.0,0.0,5.0,140.0,0.0,0.0,0.0,0.0,0.0,0.0,1659.0,306.0,0.0,16.0,34.0,0.0,3.0,0.0,0.0,6.0,0.0,0.0,0.0,0.0,0.0,0.0,4.0,3.0,33.0,35.0,0.0,0.0,0.0,0.0,4.0,10.0,2.0,0.0,0.0,0.0,0.0,0.0,0.0,0.0,0.0,0.0,0.0,0.0,0.0,0.0,0.0,0.0,0.0,0.0,0.0,0.0,0.0,0.0,0.0,0.0,0.0,0.0,0.0,0.0,0.0,0.0,0.0,0.0,0.0,0.0,0.0,0.0,0.0,0.0,0.0,0.0,0.0,16239.0,1.0,16240.0
Laos,25.0,37.0,1.0,47.0,32.0,641.0,4.0,0.0,0.0,0.0,0.0,3.0,0.0,0.0,0.0,0.0,0.0,0.0,0.0,48.0,0.0,0.0,19.0,38.0,0.0,3.0,1.0,0.0,0.0,0.0,0.0,0.0,0.0,0.0,0.0,0.0,0.0,22.0,2.0,236.0,5.0,0.0,0.0,0.0,1.0,0.0,0.0,0.0,0.0,0.0,0.0,0.0,0.0,0.0,0.0,0.0,0.0,0.0,0.0,0.0,0.0,0.0,0.0,0.0,0.0,0.0,0.0,1.0,0.0,0.0,0.0,0.0,0.0,0.0,0.0,0.0,0.0,0.0,0.0,0.0,0.0,0.0,0.0,0.0,0.0,0.0,1166.0,2.0,1168.0
Lebanon,4.0,204.0,11.0,389.0,10422.0,3196.0,79.0,0.0,34.0,17.0,0.0,0.0,36.0,0.0,1.0,0.0,0.0,0.0,0.0,533.0,14.0,0.0,9.0,51.0,0.0,62.0,2.0,0.0,226.0,0.0,0.0,0.0,0.0,0.0,1.0,67.0,34.0,319.0,52.0,107.0,0.0,0.0,0.0,19.0,16.0,17.0,0.0,0.0,0.0,0.0,0.0,0.0,0.0,0.0,0.0,0.0,0.0,20.0,19.0,1.0,30.0,1.0,88.0,0.0,0.0,0.0,0.0,7.0,0.0,0.0,0.0,0.0,0.0,7.0,0.0,0.0,0.0,0.0,0.0,0.0,0.0,0.0,0.0,0.0,0.0,0.0,16095.0,170.0,16265.0
Malaysia,117.0,397.0,7.0,304.0,28852.0,1050.0,0.0,0.0,53.0,1929.0,0.0,41.0,5.0,0.0,0.0,1.0,0.0,0.0,0.0,1891.0,194.0,0.0,20.0,48.0,0.0,68.0,3.0,0.0,564.0,0.0,0.0,0.0,6.0,0.0,27.0,170.0,40.0,548.0,180.0,24.0,0.0,0.0,0.0,286.0,266.0,12.0,5.0,0.0,0.0,0.0,0.0,0.0,0.0,0.0,0.0,0.0,0.0,4.0,2.0,0.0,3.0,0.0,3.0,3.0,0.0,0.0,0.0,19.0,2.0,0.0,0.0,0.0,0.0,3.0,0.0,0.0,0.0,0.0,0.0,0.0,0.0,0.0,0.0,0.0,0.0,0.0,37147.0,0.0,37147.0
Maldives,0.0,14.0,0.0,6.0,58.0,6.0,0.0,0.0,0.0,3.0,0.0,0.0,0.0,0.0,0.0,0.0,0.0,0.0,0.0,3.0,0.0,0.0,2.0,12.0,0.0,4.0,0.0,0.0,0.0,0.0,0.0,0.0,0.0,0.0,0.0,0.0,0.0,3.0,0.0,0.0,0.0,0.0,0.0,0.0,0.0,2.0,0.0,0.0,0.0,0.0,0.0,0.0,0.0,0.0,0.0,0.0,0.0,0.0,0.0,0.0,0.0,0.0,0.0,0.0,0.0,0.0,0.0,0.0,0.0,0.0,0.0,0.0,0.0,0.0,0.0,0.0,0.0,0.0,0.0,0.0,0.0,0.0,0.0,0.0,0.0,0.0,113.0,0.0,113.0
Mongolia,39.0,58.0,10.0,240.0,522.0,214.0,0.0,0.0,11.0,0.0,0.0,2.0,0.0,0.0,0.0,0.0,0.0,0.0,0.0,747.0,70.0,0.0,27.0,19.0,0.0,26.0,0.0,0.0,7.0,0.0,0.0,0.0,0.0,0.0,0.0,13.0,0.0,207.0,30.0,4.0,2.0,0.0,0.0,3.0,8.0,2.0,0.0,0.0,0.0,0.0,0.0,0.0,0.0,0.0,0.0,0.0,0.0,4.0,0.0,2.0,7.0,0.0,0.0,0.0,0.0,0.0,0.0,8.0,0.0,0.0,0.0,0.0,0.0,0.0,0.0,0.0,0.0,0.0,0.0,0.0,0.0,0.0,0.0,0.0,0.0,0.0,2282.0,0.0,2282.0
Nepal,17.0,89.0,9.0,208.0,3930.0,376.0,10.0,0.0,169.0,13.0,1.0,11.0,62.0,0.0,0.0,0.0,0.0,0.0,0.0,1144.0,174.0,0.0,23.0,50.0,0.0,109.0,12.0,0.0,94.0,0.0,0.0,3.0,7.0,0.0,1.0,71.0,0.0,149.0,47.0,9.0,0.0,0.0,0.0,4.0,5.0,52.0,2.0,0.0,0.0,0.0,0.0,0.0,0.0,0.0,0.0,0.0,0.0,1.0,2.0,0.0,0.0,0.0,0.0,0.0,1.0,0.0,0.0,145.0,0.0,0.0,0.0,0.0,0.0,0.0,0.0,0.0,0.0,0.0,0.0,0.0,0.0,0.0,0.0,0.0,0.0,0.0,7000.0,8.0,7008.0
Oman,40.0,218.0,1.0,6.0,497.0,1298.0,0.0,0.0,0.0,30.0,0.0,3.0,2.0,0.0,0.0,0.0,0.0,0.0,0.0,316.0,76.0,0.0,17.0,23.0,0.0,0.0,0.0,0.0,1.0,0.0,0.0,0.0,0.0,0.0,0.0,0.0,0.0,190.0,33.0,0.0,0.0,0.0,0.0,1.0,4.0,4.0,0.0,0.0,0.0,0.0,0.0,0.0,0.0,0.0,0.0,0.0,0.0,0.0,0.0,0.0,0.0,0.0,0.0,0.0,0.0,0.0,0.0,0.0,0.0,0.0,0.0,0.0,0.0,0.0,0.0,0.0,0.0,0.0,0.0,0.0,0.0,0.0,0.0,0.0,0.0,0.0,2760.0,0.0,2760.0
Pakistan,109.0,485.0,49.0,1079.0,19177.0,15266.0,0.0,0.0,108.0,1177.0,0.0,1.0,37.0,0.0,41.0,63.0,0.0,0.0,0.0,1746.0,166.0,0.0,83.0,64.0,1.0,293.0,20.0,1.0,1509.0,0.0,0.0,0.0,0.0,0.0,3.0,1295.0,27.0,721.0,416.0,91.0,0.0,0.0,0.0,114.0,180.0,25.0,1.0,0.0,0.0,0.0,0.0,0.0,0.0,0.0,0.0,4.0,0.0,24.0,9.0,19.0,11.0,0.0,103.0,2.0,0.0,0.0,0.0,40.0,14.0,0.0,0.0,0.0,0.0,0.0,0.0,0.0,0.0,0.0,0.0,0.0,0.0,0.0,0.0,0.0,0.0,0.0,44574.0,0.0,44574.0
Palestinian Authority Travel Document,0.0,0.0,0.0,110.0,1607.0,1102.0,4.0,0.0,8.0,0.0,0.0,0.0,0.0,0.0,0.0,0.0,0.0,0.0,0.0,109.0,16.0,0.0,0.0,0.0,0.0,5.0,0.0,0.0,21.0,0.0,0.0,0.0,0.0,0.0,0.0,13.0,0.0,108.0,43.0,8.0,0.0,0.0,0.0,0.0,0.0,2.0,0.0,0.0,0.0,0.0,0.0,0.0,0.0,0.0,0.0,0.0,0.0,0.0,0.0,0.0,0.0,0.0,0.0,0.0,0.0,0.0,0.0,2.0,4.0,0.0,0.0,0.0,0.0,0.0,0.0,0.0,0.0,0.0,0.0,0.0,0.0,0.0,0.0,0.0,0.0,0.0,3162.0,10.0,3172.0
Philippines,67.0,1121.0,444.0,7419.0,88589.0,4337.0,2441.0,0.0,643.0,34284.0,1.0,4.0,266.0,0.0,34.0,52.0,0.0,0.0,0.0,672.0,44.0,0.0,190.0,58.0,4.0,459.0,396.0,1.0,2759.0,0.0,0.0,0.0,726.0,0.0,30.0,1818.0,51.0,767.0,181.0,1521.0,164.0,0.0,0.0,475.0,313.0,35.0,6.0,0.0,0.0,0.0,0.0,0.0,0.0,1.0,0.0,0.0,0.0,31.0,53.0,10.0,101.0,1.0,3.0,0.0,1.0,0.0,0.0,225.0,29.0,0.0,0.0,0.0,0.0,9.0,0.0,0.0,0.0,0.0,0.0,0.0,0.0,0.0,0.0,0.0,0.0,0.0,150836.0,346.0,151182.0
Qatar,86.0,277.0,2.0,4.0,1911.0,25.0,0.0,0.0,1.0,1.0,0.0,0.0,0.0,0.0,0.0,0.0,0.0,0.0,0.0,335.0,107.0,0.0,16.0,9.0,0.0,3.0,0.0,0.0,0.0,0.0,0.0,0.0,0.0,0.0,0.0,0.0,0.0,56.0,29.0,0.0,0.0,0.0,0.0,0.0,0.0,1.0,3.0,0.0,0.0,0.0,0.0,0.0,0.0,0.0,0.0,0.0,0.0,0.0,0.0,0.0,0.0,0.0,0.0,0.0,0.0,0.0,0.0,0.0,0.0,0.0,0.0,0.0,0.0,0.0,0.0,0.0,0.0,0.0,0.0,0.0,0.0,0.0,0.0,0.0,0.0,0.0,2866.0,0.0,2866.0
Saudi Arabia,525.0,3335.0,12.0,47.0,37984.0,299.0,1.0,0.0,256.0,6.0,1.0,3.0,827.0,0.0,0.0,0.0,0.0,0.0,0.0,3796.0,2180.0,0.0,25.0,84.0,0.0,31.0,0.0,0.0,33.0,0.0,0.0,0.0,0.0,0.0,14.0,25.0,1.0,326.0,659.0,0.0,0.0,0.0,0.0,40.0,107.0,294.0,150.0,0.0,0.0,0.0,0.0,0.0,0.0,0.0,0.0,0.0,0.0,1.0,0.0,0.0,0.0,0.0,0.0,0.0,0.0,0.0,0.0,0.0,0.0,0.0,0.0,0.0,0.0,0.0,0.0,0.0,0.0,0.0,0.0,0.0,0.0,0.0,0.0,0.0,0.0,0.0,51062.0,5.0,51067.0
Singapore,21.0,1912.0,0.0,43.0,43480.0,274.0,0.0,0.0,11.0,1537.0,0.0,1.0,5.0,0.0,4.0,2.0,0.0,0.0,0.0,1292.0,89.0,0.0,12.0,39.0,0.0,29.0,1.0,0.0,371.0,0.0,0.0,0.0,4.0,0.0,10.0,138.0,26.0,432.0,137.0,14.0,0.0,0.0,0.0,196.0,235.0,26.0,8.0,0.0,0.0,0.0,0.0,0.0,0.0,0.0,0.0,0.0,0.0,1.0,0.0,2.0,2.0,0.0,2.0,1.0,0.0,0.0,0.0,11.0,8.0,0.0,0.0,0.0,0.0,3.0,0.0,0.0,0.0,0.0,0.0,0.0,0.0,0.0,0.0,0.0,0.0,0.0,50379.0,0.0,50379.0
Sri Lanka,20.0,197.0,82.0,685.0,6399.0,1063.0,1.0,0.0,78.0,570.0,0.0,0.0,11.0,0.0,0.0,1.0,0.0,0.0,0.0,581.0,55.0,0.0,56.0,44.0,0.0,101.0,54.0,0.0,268.0,0.0,0.0,0.0,0.0,0.0,0.0,135.0,7.0,118.0,54.0,8.0,4.0,0.0,0.0,23.0,24.0,20.0,2.0,0.0,0.0,0.0,0.0,0.0,0.0,0.0,0.0,1.0,0.0,2.0,0.0,0.0,7.0,0.0,1.0,1.0,0.0,0.0,0.0,25.0,3.0,0.0,0.0,0.0,0.0,6.0,0.0,0.0,0.0,0.0,0.0,0.0,0.0,0.0,0.0,0.0,0.0,0.0,10707.0,0.0,10707.0
Syria,37.0,31.0,4.0,198.0,7074.0,1572.0,26.0,0.0,36.0,11.0,0.0,1.0,124.0,0.0,0.0,0.0,0.0,0.0,0.0,251.0,22.0,0.0,25.0,22.0,0.0,63.0,2.0,0.0,198.0,0.0,0.0,0.0,0.0,0.0,4.0,106.0,0.0,184.0,126.0,93.0,0.0,0.0,0.0,8.0,11.0,12.0,0.0,0.0,0.0,0.0,0.0,0.0,0.0,0.0,0.0,0.0,0.0,8.0,7.0,3.0,40.0,0.0,15.0,0.0,0.0,0.0,0.0,4.0,5.0,0.0,0.0,0.0,0.0,1.0,0.0,0.0,0.0,0.0,0.0,0.0,0.0,0.0,0.0,0.0,0.0,0.0,10324.0,99.0,10423.0
Thailand,47.0,732.0,27.0,261.0,24561.0,475.0,36.0,0.0,133.0,1639.0,0.0,26.0,25.0,0.0,108.0,74.0,0.0,0.0,0.0,2974.0,75.0,0.0,15.0,33.0,2.0,61.0,20.0,0.0,238.0,0.0,0.0,0.0,1.0,0.0,8.0,51.0,36.0,1049.0,134.0,220.0,19.0,0.0,0.0,56.0,43.0,26.0,1.0,0.0,0.0,0.0,0.0,0.0,0.0,0.0,0.0,0.0,0.0,5.0,0.0,7.0,4.0,0.0,10.0,0.0,0.0,0.0,0.0,131.0,2.0,0.0,0.0,0.0,0.0,1.0,0.0,0.0,0.0,0.0,0.0,0.0,0.0,0.0,0.0,0.0,0.0,0.0,33366.0,5.0,33371.0
United Arab Emirates,65.0,858.0,25.0,4.0,6516.0,1616.0,0.0,0.0,2.0,2.0,0.0,0.0,33.0,0.0,0.0,0.0,0.0,0.0,0.0,1785.0,322.0,0.0,9.0,17.0,0.0,0.0,0.0,0.0,2.0,0.0,0.0,0.0,0.0,0.0,1.0,3.0,2.0,35.0,13.0,0.0,0.0,0.0,0.0,0.0,0.0,0.0,0.0,0.0,0.0,0.0,0.0,0.0,0.0,0.0,0.0,0.0,0.0,0.0,0.0,0.0,0.0,0.0,0.0,0.0,0.0,0.0,0.0,0.0,0.0,0.0,0.0,0.0,0.0,0.0,0.0,0.0,0.0,0.0,0.0,0.0,0.0,0.0,0.0,0.0,0.0,0.0,11310.0,0.0,11310.0
Vietnam,103.0,208.0,0.0,2686.0,778.0,1770.0,103.0,0.0,43.0,0.0,0.0,49.0,8.0,0.0,0.0,0.0,0.0,0.0,0.0,1193.0,23.0,0.0,49.0,150.0,0.0,46.0,2.0,0.0,17.0,0.0,0.0,0.0,6.0,0.0,1.0,12.0,2.0,423.0,65.0,830.0,55.0,0.0,0.0,3.0,9.0,5.0,0.0,0.0,0.0,0.0,0.0,0.0,0.0,0.0,0.0,0.0,0.0,1.0,0.0,1.0,4.0,2.0,3.0,0.0,21.0,0.0,0.0,67.0,0.0,0.0,0.0,0.0,0.0,3.0,0.0,0.0,0.0,0.0,0.0,0.0,0.0,0.0,0.0,0.0,0.0,0.0,8741.0,222.0,8963.0
Yemen,51.0,138.0,13.0,125.0,2006.0,408.0,5.0,0.0,8.0,1.0,0.0,0.0,4.0,0.0,0.0,0.0,0.0,0.0,0.0,269.0,44.0,0.0,46.0,29.0,0.0,36.0,0.0,0.0,10.0,0.0,0.0,0.0,0.0,0.0,0.0,6.0,0.0,36.0,14.0,3.0,0.0,0.0,0.0,4.0,7.0,9.0,5.0,0.0,0.0,0.0,0.0,0.0,0.0,0.0,0.0,0.0,0.0,0.0,0.0,0.0,0.0,0.0,0.0,0.0,0.0,0.0,0.0,0.0,0.0,0.0,0.0,0.0,0.0,0.0,0.0,0.0,0.0,0.0,0.0,0.0,0.0,0.0,0.0,0.0,0.0,0.0,3277.0,10.0,3287.0
Totals for Asia,3303.0,24788.0,1143.0,139328.0,1199580.0,201919.0,9142.0,0.0,11713.0,72991.0,10.0,3793.0,7669.0,0.0,6416.0,11424.0,0.0,0.0,0.0,127802.0,15790.0,0.0,1394.0,2153.0,87.0,3629.0,697.0,6.0,58305.0,0.0,0.0,4.0,2311.0,0.0,790.0,35264.0,3247.0,30310.0,17543.0,5751.0,350.0,0.0,0.0,14403.0,18293.0,2430.0,245.0,0.0,0.0,0.0,0.0,0.0,0.0,1.0,0.0,5.0,2.0,602.0,476.0,214.0,1358.0,44.0,4153.0,52.0,155.0,0.0,0.0,2008.0,423.0,0.0,0.0,0.0,0.0,146.0,0.0,0.0,0.0,0.0,0.0,0.0,0.0,0.0,0.0,0.0,0.0,0.0,2043662.0,3964.0,2047626.0
,,,,,,,,,,,,,,,,,,,,,,,,,,,,,,,,,,,,,,,,,,,,,,,,,,,,,,,,,,,,,,,,,,,,,,,,,,,,,,,,,,,,,,,,,
Europe,,,,,,,,,,,,,,,,,,,,,,,,,,,,,,,,,,,,,,,,,,,,,,,,,,,,,,,,,,,,,,,,,,,,,,,,,,,,,,,,,,,,,,,,,
Albania,16.0,88.0,1.0,61.0,2305.0,428.0,4.0,0.0,2.0,2.0,0.0,0.0,1.0,0.0,0.0,0.0,0.0,0.0,0.0,296.0,8.0,0.0,6.0,44.0,0.0,20.0,1.0,0.0,13.0,0.0,0.0,0.0,22.0,0.0,0.0,20.0,7.0,523.0,5.0,17.0,1.0,0.0,0.0,2.0,2.0,5.0,1.0,0.0,0.0,0.0,0.0,0.0,0.0,0.0,0.0,0.0,0.0,4.0,0.0,3.0,2.0,0.0,0.0,0.0,0.0,0.0,0.0,4.0,0.0,0.0,0.0,0.0,0.0,0.0,0.0,0.0,0.0,0.0,0.0,0.0,0.0,0.0,0.0,0.0,0.0,0.0,3914.0,19.0,3933.0
Andorra,0.0,0.0,0.0,0.0,0.0,0.0,0.0,0.0,0.0,1.0,0.0,0.0,0.0,0.0,0.0,0.0,0.0,0.0,0.0,12.0,0.0,0.0,1.0,4.0,0.0,0.0,0.0,0.0,1.0,0.0,0.0,0.0,0.0,0.0,0.0,0.0,0.0,5.0,0.0,0.0,0.0,0.0,0.0,0.0,0.0,0.0,0.0,0.0,0.0,0.0,0.0,0.0,0.0,0.0,0.0,0.0,0.0,0.0,0.0,0.0,0.0,0.0,0.0,0.0,0.0,0.0,0.0,0.0,0.0,0.0,0.0,0.0,0.0,0.0,0.0,0.0,0.0,0.0,0.0,0.0,0.0,0.0,0.0,0.0,0.0,0.0,24.0,0.0,24.0
Armenia,50.0,27.0,0.0,681.0,252.0,3555.0,1.0,0.0,16.0,1.0,0.0,0.0,0.0,0.0,0.0,3.0,0.0,0.0,0.0,88.0,10.0,0.0,9.0,50.0,0.0,42.0,1.0,0.0,47.0,0.0,0.0,0.0,0.0,0.0,0.0,69.0,6.0,556.0,28.0,11.0,0.0,0.0,0.0,14.0,23.0,0.0,0.0,0.0,0.0,0.0,0.0,0.0,0.0,0.0,0.0,0.0,0.0,7.0,1.0,2.0,18.0,0.0,88.0,0.0,0.0,0.0,0.0,0.0,3.0,0.0,0.0,0.0,0.0,0.0,0.0,0.0,0.0,0.0,0.0,0.0,0.0,0.0,0.0,0.0,0.0,0.0,5659.0,14.0,5673.0
Austria,37.0,129.0,2.0,39.0,1725.0,165.0,42.0,0.0,5.0,1096.0,0.0,1.0,8.0,0.0,52.0,102.0,0.0,0.0,0.0,1024.0,15.0,0.0,11.0,51.0,0.0,71.0,4.0,0.0,204.0,0.0,0.0,0.0,61.0,0.0,13.0,95.0,156.0,1682.0,129.0,20.0,1.0,0.0,0.0,213.0,142.0,89.0,0.0,0.0,0.0,3.0,0.0,0.0,0.0,0.0,0.0,0.0,0.0,58.0,4.0,7.0,270.0,0.0,66.0,0.0,1.0,0.0,0.0,24.0,6.0,0.0,0.0,0.0,0.0,5.0,0.0,0.0,0.0,0.0,0.0,0.0,0.0,0.0,0.0,0.0,0.0,0.0,7828.0,4.0,7832.0
Azerbaijan,52.0,27.0,4.0,277.0,295.0,699.0,1.0,0.0,1.0,6.0,0.0,0.0,0.0,0.0,0.0,0.0,0.0,0.0,0.0,94.0,5.0,0.0,27.0,10.0,0.0,12.0,0.0,0.0,17.0,0.0,0.0,0.0,0.0,0.0,0.0,10.0,1.0,207.0,10.0,3.0,0.0,0.0,0.0,2.0,5.0,3.0,0.0,0.0,0.0,0.0,0.0,0.0,0.0,0.0,0.0,0.0,0.0,1.0,0.0,1.0,1.0,0.0,0.0,0.0,0.0,0.0,0.0,0.0,0.0,0.0,0.0,0.0,0.0,0.0,0.0,0.0,0.0,0.0,0.0,0.0,0.0,0.0,0.0,0.0,0.0,0.0,1771.0,5.0,1776.0
Belarus,33.0,42.0,0.0,1076.0,197.0,3000.0,16.0,0.0,34.0,10.0,0.0,9.0,1.0,0.0,0.0,0.0,0.0,0.0,0.0,171.0,10.0,0.0,29.0,47.0,0.0,49.0,0.0,0.0,90.0,0.0,0.0,0.0,5.0,0.0,1.0,107.0,0.0,997.0,57.0,41.0,14.0,0.0,0.0,11.0,11.0,1.0,0.0,0.0,0.0,0.0,0.0,0.0,0.0,0.0,0.0,0.0,0.0,7.0,2.0,2.0,10.0,0.0,58.0,1.0,0.0,0.0,0.0,3.0,1.0,0.0,0.0,0.0,0.0,3.0,0.0,0.0,0.0,0.0,0.0,0.0,0.0,0.0,0.0,0.0,0.0,0.0,6146.0,21.0,6167.0
Belgium,67.0,154.0,3.0,116.0,505.0,106.0,11.0,0.0,5.0,296.0,0.0,7.0,655.0,0.0,45.0,156.0,0.0,0.0,0.0,735.0,19.0,0.0,19.0,30.0,0.0,146.0,5.0,0.0,311.0,0.0,0.0,0.0,68.0,0.0,6.0,126.0,83.0,1171.0,157.0,17.0,1.0,0.0,0.0,347.0,456.0,155.0,1.0,0.0,0.0,533.0,0.0,2.0,0.0,2.0,0.0,0.0,0.0,33.0,9.0,9.0,127.0,0.0,1.0,2.0,4.0,0.0,0.0,11.0,0.0,0.0,0.0,0.0,0.0,2.0,0.0,0.0,0.0,0.0,0.0,0.0,0.0,0.0,0.0,0.0,0.0,0.0,6714.0,16.0,6730.0
Bosnia and Herzegovina,10.0,45.0,0.0,89.0,1354.0,1263.0,21.0,0.0,12.0,5.0,0.0,0.0,5.0,0.0,14.0,1.0,0.0,0.0,0.0,180.0,1.0,0.0,6.0,15.0,0.0,4.0,0.0,0.0,22.0,0.0,0.0,0.0,0.0,0.0,1.0,12.0,6.0,336.0,8.0,6.0,0.0,0.0,0.0,5.0,0.0,2.0,0.0,0.0,0.0,0.0,0.0,0.0,0.0,0.0,0.0,0.0,0.0,0.0,0.0,0.0,2.0,0.0,1.0,0.0,0.0,0.0,0.0,3.0,1.0,0.0,0.0,0.0,0.0,0.0,0.0,0.0,0.0,0.0,0.0,0.0,0.0,0.0,0.0,0.0,0.0,0.0,3430.0,75.0,3505.0
Bulgaria,62.0,364.0,1.0,104.0,3602.0,5736.0,55.0,0.0,183.0,1373.0,0.0,10.0,4.0,0.0,0.0,2.0,0.0,0.0,0.0,2079.0,113.0,0.0,35.0,46.0,0.0,57.0,1.0,0.0,357.0,0.0,0.0,0.0,5.0,0.0,9.0,254.0,60.0,1197.0,139.0,24.0,6.0,0.0,0.0,44.0,55.0,4.0,0.0,0.0,0.0,0.0,0.0,0.0,0.0,0.0,0.0,0.0,0.0,25.0,2.0,21.0,77.0,3.0,2.0,17.0,1.0,0.0,0.0,7.0,7.0,0.0,0.0,0.0,0.0,0.0,0.0,0.0,0.0,0.0,0.0,0.0,0.0,0.0,0.0,0.0,0.0,0.0,16143.0,119.0,16262.0
Croatia,34.0,175.0,0.0,243.0,7207.0,4856.0,58.0,0.0,108.0,4180.0,0.0,1.0,45.0,0.0,15.0,6.0,0.0,0.0,0.0,489.0,9.0,0.0,8.0,61.0,0.0,31.0,0.0,0.0,160.0,0.0,0.0,0.0,5.0,0.0,3.0,66.0,141.0,573.0,32.0,17.0,0.0,0.0,0.0,15.0,9.0,4.0,0.0,0.0,0.0,0.0,0.0,0.0,0.0,0.0,0.0,0.0,0.0,8.0,0.0,1.0,7.0,0.0,9.0,3.0,0.0,0.0,0.0,25.0,0.0,0.0,0.0,0.0,0.0,0.0,0.0,0.0,0.0,0.0,0.0,0.0,0.0,0.0,0.0,0.0,0.0,0.0,18604.0,58.0,18662.0
Cyprus,22.0,29.0,0.0,16.0,3788.0,1221.0,0.0,0.0,3.0,28.0,0.0,0.0,12.0,0.0,0.0,0.0,0.0,0.0,0.0,942.0,10.0,0.0,25.0,20.0,0.0,8.0,0.0,0.0,78.0,0.0,0.0,0.0,1.0,0.0,1.0,11.0,3.0,650.0,13.0,0.0,0.0,0.0,0.0,10.0,3.0,21.0,0.0,0.0,0.0,0.0,0.0,0.0,0.0,0.0,0.0,0.0,0.0,1.0,0.0,1.0,0.0,0.0,2.0,0.0,0.0,0.0,0.0,0.0,0.0,0.0,0.0,0.0,0.0,0.0,0.0,0.0,0.0,0.0,0.0,0.0,0.0,0.0,0.0,0.0,0.0,0.0,6919.0,1.0,6920.0
Czech Republic,58.0,303.0,3.0,39.0,44080.0,195.0,33.0,0.0,27.0,259.0,0.0,12.0,36.0,0.0,0.0,6.0,0.0,0.0,0.0,643.0,21.0,0.0,4.0,76.0,0.0,32.0,4.0,0.0,116.0,0.0,0.0,0.0,17.0,0.0,2.0,73.0,46.0,2480.0,160.0,14.0,0.0,0.0,0.0,41.0,44.0,11.0,1.0,0.0,0.0,2.0,0.0,0.0,0.0,0.0,0.0,0.0,0.0,14.0,0.0,7.0,127.0,4.0,0.0,9.0,0.0,0.0,0.0,10.0,0.0,0.0,0.0,0.0,0.0,0.0,0.0,0.0,0.0,0.0,0.0,0.0,0.0,0.0,0.0,0.0,0.0,0.0,49009.0,22.0,49031.0
Denmark,32.0,86.0,6.0,282.0,2581.0,708.0,49.0,0.0,11.0,1707.0,0.0,0.0,8.0,0.0,127.0,1.0,0.0,0.0,0.0,737.0,20.0,0.0,24.0,124.0,3.0,126.0,7.0,0.0,227.0,0.0,0.0,3.0,29.0,0.0,23.0,136.0,77.0,1915.0,201.0,17.0,0.0,0.0,0.0,306.0,274.0,50.0,1.0,0.0,0.0,290.0,0.0,3.0,2.0,3.0,0.0,0.0,0.0,30.0,3.0,5.0,40.0,0.0,7.0,0.0,4.0,0.0,0.0,10.0,0.0,0.0,0.0,0.0,0.0,1.0,0.0,0.0,0.0,0.0,0.0,0.0,0.0,0.0,0.0,0.0,0.0,0.0,10296.0,20.0,10316.0
Estonia,23.0,148.0,2.0,9.0,4040.0,175.0,7.0,0.0,41.0,77.0,0.0,0.0,0.0,0.0,0.0,0.0,0.0,0.0,0.0,127.0,16.0,0.0,14.0,17.0,0.0,9.0,1.0,0.0,24.0,0.0,0.0,0.0,1.0,0.0,0.0,7.0,8.0,411.0,15.0,6.0,3.0,0.0,0.0,6.0,3.0,0.0,0.0,0.0,0.0,0.0,0.0,0.0,0.0,0.0,0.0,0.0,0.0,2.0,0.0,0.0,7.0,0.0,0.0,0.0,0.0,0.0,0.0,3.0,0.0,0.0,0.0,0.0,0.0,0.0,0.0,0.0,0.0,0.0,0.0,0.0,0.0,0.0,0.0,0.0,0.0,0.0,5202.0,4.0,5206.0
Finland,44.0,204.0,10.0,133.0,650.0,161.0,11.0,0.0,4.0,601.0,0.0,0.0,5.0,0.0,81.0,126.0,0.0,0.0,0.0,470.0,35.0,0.0,28.0,73.0,1.0,63.0,3.0,0.0,138.0,0.0,0.0,0.0,31.0,0.0,9.0,81.0,82.0,1698.0,200.0,24.0,0.0,0.0,0.0,371.0,469.0,15.0,3.0,0.0,0.0,0.0,0.0,1.0,0.0,0.0,0.0,0.0,0.0,25.0,2.0,10.0,60.0,0.0,12.0,8.0,0.0,0.0,0.0,26.0,7.0,0.0,0.0,0.0,0.0,0.0,0.0,0.0,0.0,0.0,0.0,0.0,0.0,0.0,0.0,0.0,0.0,0.0,5975.0,2.0,5977.0
France,319.0,2578.0,15.0,559.0,1791.0,671.0,10.0,0.0,43.0,4892.0,0.0,53.0,38.0,0.0,197.0,966.0,0.0,0.0,0.0,4913.0,86.0,0.0,82.0,250.0,4.0,684.0,7.0,0.0,2110.0,0.0,0.0,0.0,42.0,0.0,110.0,838.0,410.0,10876.0,743.0,159.0,6.0,0.0,0.0,2022.0,2663.0,208.0,18.0,0.0,0.0,18.0,0.0,4.0,1.0,0.0,0.0,1.0,0.0,292.0,62.0,78.0,598.0,2.0,115.0,16.0,241.0,0.0,0.0,69.0,13.0,0.0,0.0,0.0,0.0,13.0,0.0,0.0,0.0,0.0,0.0,0.0,0.0,0.0,0.0,0.0,0.0,0.0,39886.0,45.0,39931.0
Georgia,33.0,199.0,0.0,180.0,1430.0,2598.0,1.0,0.0,30.0,165.0,0.0,1.0,1.0,0.0,0.0,0.0,0.0,0.0,0.0,299.0,8.0,0.0,11.0,8.0,0.0,14.0,0.0,0.0,45.0,0.0,0.0,0.0,1.0,0.0,1.0,32.0,2.0,611.0,17.0,1.0,0.0,0.0,0.0,3.0,1.0,1.0,0.0,0.0,0.0,0.0,0.0,0.0,0.0,0.0,0.0,0.0,0.0,2.0,0.0,0.0,92.0,0.0,21.0,0.0,0.0,0.0,0.0,4.0,1.0,0.0,0.0,0.0,0.0,0.0,0.0,0.0,0.0,0.0,0.0,0.0,0.0,0.0,0.0,0.0,0.0,0.0,5813.0,2.0,5815.0
Germany,219.0,1098.0,13.0,179.0,14489.0,424.0,216.0,0.0,20.0,5492.0,0.0,443.0,48.0,0.0,785.0,2082.0,0.0,0.0,0.0,8396.0,118.0,0.0,71.0,124.0,2.0,271.0,4.0,0.0,2242.0,0.0,0.0,1.0,97.0,0.0,111.0,704.0,762.0,23937.0,1220.0,220.0,9.0,0.0,0.0,2972.0,2509.0,428.0,6.0,0.0,2.0,1048.0,0.0,17.0,9.0,49.0,1.0,0.0,0.0,272.0,14.0,47.0,939.0,15.0,46.0,3.0,118.0,0.0,0.0,116.0,32.0,0.0,0.0,0.0,0.0,7.0,0.0,0.0,0.0,0.0,0.0,0.0,0.0,0.0,0.0,0.0,0.0,0.0,72447.0,41.0,72488.0
Great Britain and Northern Ireland,169.0,2849.0,13.0,1343.0,83307.0,13868.0,88.0,0.0,241.0,13173.0,0.0,244.0,98.0,0.0,327.0,2072.0,0.0,0.0,0.0,5890.0,165.0,0.0,32.0,87.0,5.0,672.0,6.0,1.0,6342.0,0.0,0.0,28.0,372.0,0.0,110.0,3296.0,1875.0,19033.0,864.0,617.0,22.0,0.0,0.0,6375.0,5829.0,327.0,7.0,0.0,0.0,453.0,0.0,6.0,0.0,9.0,0.0,0.0,0.0,1059.0,536.0,191.0,3060.0,15.0,275.0,22.0,144.0,0.0,0.0,266.0,66.0,0.0,0.0,0.0,0.0,22.0,0.0,0.0,0.0,0.0,0.0,0.0,0.0,0.0,0.0,0.0,0.0,0.0,175871.0,11.0,175882.0
Greece,68.0,177.0,0.0,151.0,28045.0,5846.0,39.0,0.0,34.0,3779.0,0.0,0.0,494.0,0.0,3.0,2.0,0.0,0.0,0.0,1104.0,24.0,0.0,12.0,39.0,1.0,34.0,0.0,1.0,277.0,0.0,0.0,0.0,23.0,0.0,0.0,47.0,68.0,600.0,95.0,21.0,0.0,0.0,0.0,29.0,12.0,50.0,2.0,0.0,1.0,254.0,0.0,10.0,1.0,2.0,0.0,0.0,0.0,34.0,14.0,7.0,109.0,0.0,81.0,0.0,0.0,0.0,0.0,8.0,8.0,0.0,0.0,0.0,0.0,1.0,0.0,0.0,0.0,0.0,0.0,0.0,0.0,0.0,0.0,0.0,0.0,0.0,41607.0,15.0,41622.0
Hungary,40.0,121.0,3.0,191.0,28032.0,6290.0,38.0,0.0,1026.0,10.0,0.0,5.0,714.0,0.0,1.0,1.0,0.0,0.0,0.0,584.0,26.0,0.0,19.0,93.0,0.0,62.0,3.0,0.0,243.0,0.0,0.0,0.0,1.0,0.0,6.0,166.0,80.0,1848.0,320.0,26.0,3.0,0.0,0.0,44.0,51.0,5.0,0.0,0.0,0.0,2.0,0.0,0.0,0.0,0.0,0.0,0.0,0.0,19.0,0.0,16.0,243.0,11.0,21.0,3.0,0.0,0.0,0.0,38.0,2.0,0.0,0.0,0.0,0.0,0.0,0.0,0.0,0.0,0.0,0.0,0.0,0.0,0.0,0.0,0.0,0.0,0.0,40407.0,28.0,40435.0
Iceland,22.0,14.0,0.0,1.0,1051.0,21.0,0.0,0.0,0.0,369.0,0.0,0.0,36.0,0.0,0.0,0.0,0.0,0.0,0.0,289.0,116.0,0.0,6.0,0.0,0.0,21.0,0.0,0.0,55.0,0.0,0.0,0.0,0.0,0.0,0.0,42.0,6.0,180.0,56.0,3.0,0.0,0.0,0.0,17.0,28.0,61.0,36.0,0.0,0.0,0.0,0.0,0.0,0.0,0.0,0.0,0.0,0.0,14.0,19.0,16.0,2.0,0.0,3.0,0.0,0.0,0.0,0.0,0.0,0.0,0.0,0.0,0.0,0.0,0.0,0.0,0.0,0.0,0.0,0.0,0.0,0.0,0.0,0.0,0.0,0.0,0.0,2484.0,1.0,2485.0
Ireland,32.0,160.0,6.0,37.0,1833.0,55.0,0.0,0.0,3.0,847.0,0.0,1.0,6.0,0.0,24.0,93.0,0.0,0.0,0.0,452.0,6.0,0.0,7.0,33.0,3.0,77.0,1.0,0.0,516.0,0.0,0.0,6.0,71.0,0.0,34.0,140.0,71.0,10162.0,179.0,53.0,0.0,0.0,0.0,524.0,329.0,46.0,0.0,0.0,0.0,1.0,0.0,0.0,0.0,0.0,0.0,0.0,0.0,75.0,44.0,16.0,508.0,10.0,286.0,3.0,3.0,0.0,0.0,92.0,0.0,0.0,0.0,0.0,0.0,1.0,0.0,0.0,0.0,0.0,0.0,0.0,0.0,0.0,0.0,0.0,0.0,0.0,16846.0,0.0,16846.0
Italy,68.0,515.0,4.0,138.0,4251.0,227.0,112.0,0.0,26.0,4206.0,0.0,4.0,66.0,0.0,329.0,397.0,0.0,0.0,0.0,3619.0,70.0,0.0,58.0,79.0,11.0,289.0,6.0,0.0,833.0,0.0,0.0,0.0,25.0,0.0,38.0,249.0,182.0,3434.0,333.0,73.0,4.0,0.0,0.0,569.0,407.0,213.0,4.0,0.0,0.0,322.0,0.0,13.0,0.0,0.0,1.0,0.0,0.0,187.0,40.0,22.0,365.0,3.0,29.0,0.0,90.0,0.0,0.0,87.0,7.0,0.0,0.0,0.0,0.0,3.0,0.0,0.0,0.0,0.0,0.0,0.0,0.0,0.0,0.0,0.0,0.0,0.0,22008.0,28.0,22036.0
Kazakhstan,50.0,378.0,3.0,1047.0,407.0,1371.0,15.0,0.0,36.0,2.0,0.0,0.0,13.0,0.0,0.0,0.0,0.0,0.0,0.0,410.0,27.0,0.0,28.0,45.0,0.0,38.0,1.0,1.0,26.0,0.0,0.0,0.0,1.0,0.0,0.0,37.0,5.0,624.0,41.0,26.0,2.0,0.0,0.0,15.0,16.0,2.0,0.0,0.0,0.0,0.0,0.0,0.0,0.0,0.0,0.0,0.0,0.0,0.0,0.0,2.0,4.0,0.0,0.0,1.0,0.0,0.0,0.0,2.0,0.0,0.0,0.0,0.0,0.0,0.0,0.0,0.0,0.0,0.0,0.0,0.0,0.0,0.0,0.0,0.0,0.0,0.0,4676.0,10.0,4686.0
Kyrgyzstan,26.0,144.0,1.0,277.0,156.0,569.0,1.0,0.0,4.0,0.0,0.0,0.0,0.0,0.0,0.0,0.0,0.0,0.0,0.0,123.0,3.0,0.0,10.0,24.0,0.0,21.0,0.0,0.0,3.0,0.0,0.0,0.0,0.0,0.0,0.0,0.0,1.0,268.0,12.0,13.0,5.0,0.0,0.0,2.0,0.0,0.0,0.0,0.0,0.0,0.0,0.0,0.0,0.0,0.0,0.0,0.0,0.0,0.0,0.0,0.0,10.0,0.0,0.0,3.0,0.0,0.0,0.0,2.0,0.0,0.0,0.0,0.0,0.0,0.0,0.0,0.0,0.0,0.0,0.0,0.0,0.0,0.0,0.0,0.0,0.0,0.0,1678.0,5.0,1683.0
Latvia,9.0,208.0,0.0,75.0,2408.0,1222.0,13.0,0.0,27.0,458.0,0.0,0.0,3.0,0.0,0.0,4.0,0.0,0.0,0.0,146.0,4.0,0.0,4.0,58.0,0.0,6.0,2.0,0.0,25.0,0.0,0.0,0.0,5.0,0.0,0.0,45.0,25.0,509.0,23.0,44.0,19.0,0.0,0.0,1.0,5.0,2.0,0.0,0.0,0.0,0.0,0.0,0.0,0.0,0.0,0.0,0.0,0.0,11.0,2.0,0.0,22.0,0.0,2.0,0.0,0.0,0.0,0.0,3.0,0.0,0.0,0.0,0.0,0.0,0.0,0.0,0.0,0.0,0.0,0.0,0.0,0.0,0.0,0.0,0.0,0.0,0.0,5390.0,9.0,5399.0
Liechtenstein,0.0,0.0,0.0,5.0,16.0,6.0,0.0,0.0,0.0,4.0,0.0,0.0,0.0,0.0,0.0,1.0,0.0,0.0,0.0,32.0,1.0,0.0,0.0,3.0,0.0,0.0,0.0,0.0,1.0,0.0,0.0,0.0,1.0,0.0,0.0,0.0,0.0,7.0,0.0,0.0,0.0,0.0,0.0,4.0,0.0,0.0,0.0,0.0,0.0,0.0,0.0,0.0,0.0,0.0,0.0,0.0,0.0,1.0,0.0,0.0,0.0,0.0,0.0,0.0,0.0,0.0,0.0,0.0,0.0,0.0,0.0,0.0,0.0,0.0,0.0,0.0,0.0,0.0,0.0,0.0,0.0,0.0,0.0,0.0,0.0,0.0,82.0,0.0,82.0
Lithuania,40.0,337.0,5.0,38.0,3960.0,155.0,18.0,0.0,11.0,541.0,0.0,0.0,0.0,0.0,0.0,0.0,0.0,0.0,0.0,188.0,29.0,0.0,8.0,20.0,0.0,11.0,0.0,0.0,37.0,0.0,0.0,0.0,0.0,0.0,1.0,22.0,22.0,1337.0,38.0,34.0,21.0,0.0,0.0,6.0,6.0,0.0,0.0,0.0,0.0,0.0,0.0,0.0,0.0,0.0,0.0,0.0,0.0,2.0,4.0,0.0,63.0,0.0,3.0,0.0,1.0,0.0,0.0,12.0,5.0,0.0,0.0,0.0,0.0,1.0,0.0,0.0,0.0,0.0,0.0,0.0,0.0,0.0,0.0,0.0,0.0,0.0,6976.0,11.0,6987.0
Luxembourg,7.0,6.0,1.0,3.0,181.0,1.0,2.0,0.0,1.0,23.0,0.0,0.0,2.0,0.0,0.0,7.0,0.0,0.0,0.0,34.0,0.0,0.0,9.0,9.0,0.0,6.0,1.0,0.0,13.0,0.0,0.0,0.0,0.0,0.0,1.0,3.0,4.0,40.0,1.0,2.0,0.0,0.0,0.0,11.0,0.0,7.0,0.0,0.0,0.0,0.0,0.0,2.0,0.0,0.0,0.0,0.0,0.0,2.0,0.0,0.0,1.0,0.0,0.0,0.0,0.0,0.0,0.0,0.0,0.0,0.0,0.0,0.0,0.0,0.0,0.0,0.0,0.0,0.0,0.0,0.0,0.0,0.0,0.0,0.0,0.0,0.0,380.0,1.0,381.0
Macedonia,0.0,168.0,0.0,42.0,2729.0,858.0,13.0,0.0,155.0,5.0,0.0,0.0,121.0,0.0,0.0,0.0,0.0,0.0,0.0,225.0,6.0,0.0,9.0,46.0,0.0,8.0,0.0,0.0,20.0,0.0,0.0,0.0,2.0,0.0,0.0,8.0,10.0,462.0,20.0,8.0,0.0,0.0,0.0,2.0,6.0,6.0,0.0,0.0,0.0,0.0,0.0,0.0,0.0,0.0,0.0,0.0,0.0,2.0,0.0,1.0,0.0,0.0,8.0,0.0,0.0,0.0,0.0,3.0,4.0,0.0,0.0,0.0,0.0,0.0,0.0,0.0,0.0,0.0,0.0,0.0,0.0,0.0,0.0,0.0,0.0,0.0,4947.0,14.0,4961.0
Malta,7.0,30.0,0.0,4.0,4662.0,39.0,0.0,0.0,0.0,11.0,0.0,0.0,0.0,0.0,0.0,0.0,0.0,0.0,0.0,10.0,1.0,0.0,1.0,9.0,0.0,5.0,0.0,0.0,1.0,0.0,0.0,0.0,0.0,0.0,0.0,1.0,0.0,57.0,6.0,1.0,1.0,0.0,0.0,6.0,7.0,12.0,0.0,0.0,0.0,0.0,0.0,0.0,0.0,0.0,0.0,0.0,0.0,3.0,0.0,2.0,1.0,0.0,0.0,0.0,0.0,0.0,0.0,7.0,0.0,0.0,0.0,0.0,0.0,0.0,0.0,0.0,0.0,0.0,0.0,0.0,0.0,0.0,0.0,0.0,0.0,0.0,4884.0,1.0,4885.0
Moldova,29.0,58.0,1.0,270.0,293.0,432.0,11.0,0.0,25.0,2.0,0.0,1.0,12.0,0.0,1.0,3.0,0.0,0.0,0.0,102.0,6.0,0.0,11.0,13.0,0.0,10.0,0.0,0.0,24.0,0.0,0.0,0.0,0.0,0.0,0.0,21.0,0.0,390.0,12.0,36.0,10.0,0.0,0.0,3.0,3.0,0.0,0.0,0.0,0.0,0.0,0.0,0.0,0.0,0.0,0.0,0.0,0.0,1.0,1.0,0.0,4.0,0.0,5.0,0.0,0.0,0.0,0.0,3.0,1.0,0.0,0.0,0.0,0.0,0.0,0.0,0.0,0.0,0.0,0.0,0.0,0.0,0.0,0.0,0.0,0.0,0.0,1794.0,21.0,1815.0
Monaco,1.0,1.0,0.0,1.0,2.0,1.0,0.0,0.0,0.0,0.0,0.0,0.0,0.0,0.0,0.0,0.0,0.0,0.0,0.0,7.0,0.0,0.0,5.0,0.0,0.0,0.0,0.0,0.0,1.0,0.0,0.0,0.0,0.0,0.0,0.0,0.0,0.0,3.0,0.0,0.0,0.0,0.0,0.0,0.0,0.0,1.0,0.0,0.0,0.0,0.0,0.0,0.0,0.0,0.0,0.0,0.0,0.0,0.0,0.0,0.0,4.0,0.0,0.0,0.0,0.0,0.0,0.0,0.0,0.0,0.0,0.0,0.0,0.0,0.0,0.0,0.0,0.0,0.0,0.0,0.0,0.0,0.0,0.0,0.0,0.0,0.0,27.0,0.0,27.0
Netherlands,44.0,168.0,4.0,209.0,2529.0,122.0,116.0,0.0,11.0,4324.0,0.0,0.0,16.0,0.0,106.0,216.0,0.0,0.0,0.0,1423.0,29.0,0.0,32.0,77.0,2.0,148.0,3.0,0.0,709.0,0.0,0.0,2.0,65.0,0.0,27.0,305.0,203.0,3366.0,187.0,72.0,7.0,0.0,0.0,900.0,998.0,292.0,8.0,0.0,0.0,197.0,0.0,4.0,1.0,2.0,0.0,0.0,0.0,92.0,24.0,25.0,382.0,16.0,28.0,5.0,8.0,0.0,0.0,33.0,1.0,0.0,0.0,0.0,0.0,11.0,0.0,0.0,0.0,0.0,0.0,0.0,0.0,0.0,0.0,0.0,0.0,0.0,17549.0,27.0,17576.0
Norway,59.0,102.0,10.0,223.0,867.0,497.0,19.0,0.0,11.0,2002.0,0.0,1.0,22.0,0.0,173.0,193.0,0.0,0.0,0.0,1249.0,49.0,0.0,9.0,1.0,0.0,80.0,1.0,0.0,192.0,0.0,0.0,0.0,16.0,0.0,5.0,21.0,53.0,1596.0,282.0,18.0,1.0,0.0,0.0,184.0,208.0,51.0,5.0,0.0,0.0,139.0,0.0,3.0,0.0,0.0,0.0,0.0,0.0,30.0,2.0,1.0,37.0,0.0,14.0,0.0,136.0,0.0,0.0,10.0,8.0,0.0,0.0,0.0,0.0,0.0,0.0,0.0,0.0,0.0,0.0,0.0,0.0,0.0,0.0,0.0,0.0,0.0,8580.0,1.0,8581.0
Poland,82.0,358.0,2.0,507.0,69080.0,7125.0,238.0,0.0,153.0,3889.0,0.0,15.0,21.0,0.0,1.0,26.0,0.0,0.0,0.0,1166.0,49.0,0.0,28.0,94.0,0.0,56.0,3.0,0.0,460.0,0.0,0.0,34.0,19.0,0.0,32.0,337.0,196.0,4304.0,354.0,131.0,23.0,0.0,0.0,90.0,118.0,6.0,0.0,0.0,0.0,2.0,0.0,1.0,0.0,0.0,0.0,0.0,0.0,43.0,2.0,12.0,159.0,0.0,72.0,18.0,38.0,0.0,0.0,97.0,5.0,0.0,0.0,0.0,0.0,5.0,0.0,0.0,0.0,0.0,0.0,0.0,0.0,0.0,0.0,0.0,0.0,0.0,89451.0,297.0,89748.0
Portugal,54.0,185.0,26.0,103.0,37575.0,3634.0,489.0,0.0,224.0,818.0,0.0,13.0,458.0,0.0,0.0,2.0,0.0,0.0,0.0,484.0,20.0,0.0,20.0,64.0,0.0,36.0,7.0,0.0,92.0,0.0,0.0,0.0,10.0,0.0,1.0,46.0,108.0,402.0,63.0,27.0,3.0,0.0,0.0,51.0,65.0,20.0,1.0,0.0,0.0,171.0,0.0,2.0,2.0,0.0,0.0,0.0,0.0,15.0,56.0,2.0,83.0,0.0,119.0,2.0,2.0,0.0,0.0,22.0,0.0,0.0,0.0,0.0,0.0,0.0,0.0,0.0,0.0,0.0,0.0,0.0,0.0,0.0,0.0,0.0,0.0,0.0,45577.0,42.0,45619.0
Romania,58.0,528.0,1.0,144.0,14910.0,4418.0,478.0,0.0,255.0,1642.0,0.0,113.0,15.0,0.0,0.0,1.0,0.0,0.0,0.0,679.0,120.0,0.0,47.0,136.0,0.0,24.0,2.0,0.0,317.0,0.0,0.0,0.0,0.0,0.0,2.0,265.0,153.0,1104.0,142.0,121.0,8.0,0.0,0.0,33.0,39.0,2.0,0.0,0.0,0.0,0.0,0.0,0.0,0.0,0.0,0.0,0.0,0.0,16.0,0.0,1.0,15.0,0.0,74.0,4.0,0.0,0.0,0.0,11.0,13.0,0.0,0.0,0.0,0.0,5.0,0.0,0.0,0.0,0.0,0.0,0.0,0.0,0.0,0.0,0.0,0.0,0.0,25896.0,297.0,26193.0
Russia,366.0,1849.0,0.0,2052.0,92484.0,6911.0,206.0,0.0,1247.0,8346.0,1.0,81.0,31.0,0.0,0.0,1.0,0.0,0.0,0.0,4359.0,341.0,0.0,458.0,327.0,3.0,785.0,4.0,0.0,1395.0,0.0,0.0,0.0,61.0,0.0,36.0,1467.0,293.0,8617.0,1118.0,816.0,318.0,0.0,0.0,308.0,425.0,41.0,1.0,0.0,0.0,0.0,0.0,0.0,0.0,0.0,0.0,0.0,0.0,166.0,142.0,52.0,1932.0,1.0,368.0,100.0,3.0,0.0,0.0,101.0,14.0,0.0,0.0,0.0,0.0,4.0,0.0,0.0,0.0,0.0,0.0,0.0,0.0,0.0,0.0,0.0,0.0,0.0,137631.0,329.0,137960.0
San Marino,2.0,2.0,0.0,0.0,3.0,0.0,0.0,0.0,0.0,0.0,0.0,0.0,0.0,0.0,0.0,0.0,0.0,0.0,0.0,2.0,0.0,0.0,3.0,4.0,0.0,0.0,0.0,0.0,0.0,0.0,0.0,0.0,0.0,0.0,0.0,0.0,0.0,2.0,0.0,0.0,0.0,0.0,0.0,0.0,0.0,0.0,0.0,0.0,0.0,0.0,0.0,0.0,0.0,0.0,0.0,0.0,0.0,1.0,0.0,0.0,1.0,0.0,0.0,0.0,0.0,0.0,0.0,0.0,0.0,0.0,0.0,0.0,0.0,0.0,0.0,0.0,0.0,0.0,0.0,0.0,0.0,0.0,0.0,0.0,0.0,0.0,20.0,0.0,20.0
Serbia and Montenegro,14.0,34.0,1.0,151.0,9191.0,3931.0,194.0,0.0,540.0,43.0,0.0,3.0,428.0,0.0,3.0,0.0,0.0,0.0,0.0,716.0,42.0,0.0,4.0,14.0,0.0,38.0,2.0,0.0,201.0,0.0,0.0,0.0,1.0,0.0,2.0,136.0,55.0,610.0,82.0,36.0,0.0,0.0,0.0,21.0,17.0,42.0,0.0,0.0,0.0,0.0,0.0,0.0,0.0,0.0,0.0,0.0,0.0,9.0,0.0,0.0,11.0,0.0,59.0,10.0,0.0,0.0,0.0,7.0,1.0,0.0,0.0,0.0,0.0,3.0,0.0,0.0,0.0,0.0,0.0,0.0,0.0,0.0,0.0,0.0,0.0,0.0,16652.0,332.0,16984.0
Slovakia,21.0,227.0,3.0,111.0,8899.0,2304.0,44.0,0.0,186.0,31.0,0.0,0.0,149.0,0.0,0.0,6.0,0.0,0.0,0.0,432.0,14.0,0.0,22.0,71.0,0.0,10.0,3.0,1.0,82.0,0.0,0.0,0.0,11.0,0.0,2.0,66.0,57.0,1890.0,87.0,27.0,2.0,0.0,0.0,6.0,11.0,2.0,0.0,0.0,0.0,0.0,0.0,0.0,0.0,0.0,0.0,0.0,0.0,3.0,0.0,0.0,32.0,0.0,1.0,1.0,0.0,0.0,0.0,14.0,0.0,0.0,0.0,0.0,0.0,1.0,0.0,0.0,0.0,0.0,0.0,0.0,0.0,0.0,0.0,0.0,0.0,0.0,14829.0,22.0,14851.0
Slovenia,10.0,132.0,0.0,22.0,588.0,46.0,1.0,0.0,11.0,180.0,0.0,0.0,14.0,0.0,46.0,0.0,0.0,0.0,0.0,217.0,3.0,0.0,11.0,21.0,0.0,9.0,0.0,0.0,31.0,0.0,0.0,0.0,0.0,0.0,0.0,2.0,18.0,187.0,15.0,2.0,0.0,0.0,0.0,9.0,4.0,2.0,0.0,0.0,0.0,0.0,0.0,0.0,0.0,0.0,0.0,0.0,0.0,6.0,0.0,2.0,16.0,0.0,0.0,0.0,2.0,0.0,0.0,1.0,0.0,0.0,0.0,0.0,0.0,0.0,0.0,0.0,0.0,0.0,0.0,0.0,0.0,0.0,0.0,0.0,0.0,0.0,1608.0,1.0,1609.0
Spain,128.0,380.0,3.0,500.0,2900.0,307.0,8.0,0.0,17.0,1012.0,0.0,10.0,1005.0,0.0,69.0,134.0,0.0,0.0,0.0,3613.0,63.0,0.0,31.0,65.0,7.0,172.0,3.0,3.0,849.0,0.0,0.0,2.0,18.0,0.0,34.0,215.0,198.0,5362.0,497.0,39.0,0.0,0.0,0.0,333.0,322.0,177.0,5.0,0.0,0.0,72.0,0.0,3.0,2.0,57.0,0.0,0.0,0.0,112.0,31.0,18.0,303.0,0.0,292.0,15.0,14.0,0.0,0.0,90.0,13.0,0.0,0.0,0.0,0.0,2.0,0.0,0.0,0.0,0.0,0.0,0.0,0.0,0.0,0.0,0.0,0.0,0.0,19505.0,2.0,19507.0
Sweden,42.0,1089.0,7.0,319.0,2341.0,1295.0,34.0,0.0,441.0,1391.0,0.0,2.0,466.0,0.0,44.0,622.0,0.0,0.0,0.0,2828.0,29.0,0.0,29.0,87.0,1.0,127.0,12.0,0.0,495.0,0.0,0.0,0.0,78.0,0.0,29.0,174.0,127.0,4368.0,360.0,45.0,0.0,0.0,0.0,581.0,729.0,238.0,1.0,0.0,0.0,2.0,0.0,0.0,0.0,0.0,0.0,0.0,0.0,69.0,7.0,13.0,174.0,0.0,7.0,27.0,1.0,0.0,0.0,28.0,11.0,0.0,0.0,0.0,0.0,1.0,0.0,0.0,0.0,0.0,0.0,0.0,0.0,0.0,0.0,0.0,0.0,0.0,18771.0,8.0,18779.0
Switzerland,49.0,176.0,1.0,507.0,4011.0,380.0,14.0,0.0,5.0,2001.0,0.0,0.0,17.0,0.0,76.0,325.0,0.0,0.0,0.0,5381.0,88.0,0.0,1.0,3.0,7.0,148.0,0.0,0.0,426.0,0.0,0.0,3.0,77.0,0.0,33.0,185.0,111.0,2143.0,303.0,27.0,0.0,0.0,0.0,476.0,490.0,144.0,8.0,0.0,0.0,1.0,0.0,0.0,0.0,0.0,0.0,0.0,0.0,60.0,3.0,17.0,109.0,1.0,13.0,0.0,5.0,0.0,0.0,38.0,10.0,0.0,0.0,0.0,0.0,7.0,0.0,0.0,0.0,0.0,0.0,0.0,0.0,0.0,0.0,0.0,0.0,0.0,17880.0,3.0,17883.0
Tajikistan,2.0,2.0,0.0,17.0,127.0,10.0,1.0,0.0,1.0,0.0,0.0,0.0,0.0,0.0,0.0,0.0,0.0,0.0,0.0,47.0,3.0,0.0,9.0,2.0,0.0,2.0,0.0,0.0,0.0,0.0,0.0,0.0,0.0,0.0,0.0,1.0,0.0,12.0,3.0,1.0,1.0,0.0,0.0,0.0,0.0,0.0,0.0,0.0,0.0,0.0,0.0,0.0,0.0,0.0,0.0,0.0,0.0,0.0,0.0,0.0,0.0,0.0,0.0,0.0,0.0,0.0,0.0,0.0,0.0,0.0,0.0,0.0,0.0,0.0,0.0,0.0,0.0,0.0,0.0,0.0,0.0,0.0,0.0,0.0,0.0,0.0,241.0,0.0,241.0
Turkey,117.0,795.0,9.0,170.0,41082.0,4105.0,54.0,0.0,109.0,1035.0,0.0,39.0,313.0,0.0,30.0,44.0,0.0,0.0,0.0,5150.0,196.0,0.0,35.0,105.0,0.0,56.0,8.0,0.0,686.0,0.0,0.0,0.0,1.0,0.0,6.0,157.0,108.0,1728.0,599.0,18.0,0.0,0.0,0.0,89.0,80.0,71.0,1.0,0.0,0.0,357.0,0.0,9.0,0.0,25.0,0.0,0.0,0.0,28.0,0.0,10.0,5.0,0.0,6.0,0.0,1.0,0.0,0.0,8.0,11.0,0.0,0.0,0.0,0.0,5.0,0.0,0.0,0.0,0.0,0.0,0.0,0.0,0.0,0.0,0.0,0.0,0.0,57461.0,33.0,57494.0
Turkmenistan,17.0,67.0,0.0,124.0,17.0,96.0,0.0,0.0,3.0,0.0,0.0,0.0,19.0,0.0,0.0,0.0,0.0,0.0,0.0,29.0,0.0,0.0,18.0,4.0,0.0,1.0,1.0,0.0,0.0,0.0,0.0,0.0,0.0,0.0,0.0,0.0,0.0,88.0,2.0,6.0,2.0,0.0,0.0,0.0,0.0,0.0,0.0,0.0,0.0,0.0,0.0,0.0,0.0,0.0,0.0,0.0,0.0,0.0,0.0,0.0,0.0,0.0,0.0,0.0,0.0,0.0,0.0,1.0,0.0,0.0,0.0,0.0,0.0,0.0,0.0,0.0,0.0,0.0,0.0,0.0,0.0,0.0,0.0,0.0,0.0,0.0,495.0,1.0,496.0
Ukraine,118.0,439.0,1.0,4237.0,3845.0,6512.0,152.0,0.0,148.0,2956.0,0.0,6.0,712.0,0.0,0.0,1.0,0.0,0.0,0.0,784.0,68.0,0.0,71.0,115.0,0.0,95.0,2.0,0.0,325.0,0.0,0.0,0.0,7.0,0.0,0.0,371.0,13.0,2504.0,165.0,478.0,151.0,0.0,0.0,40.0,57.0,8.0,2.0,0.0,0.0,0.0,0.0,0.0,0.0,0.0,0.0,0.0,0.0,21.0,11.0,9.0,234.0,0.0,318.0,9.0,0.0,0.0,0.0,48.0,22.0,0.0,0.0,0.0,0.0,2.0,0.0,0.0,0.0,0.0,0.0,0.0,0.0,0.0,0.0,0.0,0.0,0.0,25057.0,213.0,25270.0
Uzbekistan,45.0,258.0,3.0,16.0,2081.0,57.0,0.0,0.0,39.0,2.0,1.0,0.0,281.0,0.0,0.0,0.0,0.0,0.0,0.0,245.0,9.0,0.0,13.0,22.0,0.0,48.0,0.0,0.0,20.0,0.0,0.0,0.0,0.0,0.0,22.0,21.0,9.0,479.0,31.0,19.0,2.0,0.0,0.0,9.0,17.0,3.0,0.0,0.0,0.0,0.0,0.0,0.0,0.0,0.0,0.0,0.0,1.0,1.0,0.0,0.0,0.0,0.0,1.0,3.0,0.0,0.0,0.0,0.0,0.0,0.0,0.0,0.0,0.0,0.0,0.0,0.0,0.0,0.0,0.0,0.0,0.0,0.0,0.0,0.0,0.0,0.0,3758.0,8.0,3766.0
Vatican City,1.0,48.0,0.0,0.0,21.0,1.0,0.0,0.0,0.0,0.0,0.0,0.0,0.0,0.0,0.0,0.0,0.0,0.0,0.0,0.0,0.0,0.0,1.0,3.0,0.0,0.0,0.0,0.0,0.0,0.0,0.0,0.0,0.0,0.0,0.0,0.0,1.0,1.0,0.0,0.0,0.0,0.0,0.0,0.0,0.0,0.0,0.0,0.0,0.0,0.0,0.0,0.0,0.0,0.0,0.0,0.0,0.0,0.0,0.0,0.0,0.0,0.0,0.0,0.0,0.0,0.0,0.0,0.0,0.0,0.0,0.0,0.0,0.0,0.0,0.0,0.0,0.0,0.0,0.0,0.0,0.0,0.0,0.0,0.0,0.0,0.0,77.0,0.0,77.0
Totals for Europe,2908.0,17701.0,168.0,17118.0,544175.0,98673.0,2934.0,0.0,5535.0,73293.0,2.0,1075.0,6399.0,0.0,2549.0,7602.0,0.0,0.0,0.0,63714.0,2111.0,0.0,1471.0,2823.0,50.0,4734.0,109.0,7.0,20899.0,0.0,0.0,79.0,1250.0,0.0,711.0,10487.0,5902.0,127542.0,9424.0,3437.0,646.0,0.0,0.0,17122.0,16948.0,2828.0,112.0,0.0,3.0,3867.0,0.0,80.0,18.0,149.0,2.0,1.0,1.0,2863.0,1037.0,629.0,10266.0,81.0,2513.0,285.0,817.0,0.0,0.0,1347.0,273.0,0.0,0.0,0.0,0.0,105.0,0.0,0.0,0.0,0.0,0.0,0.0,0.0,0.0,0.0,0.0,0.0,0.0,1096875.0,2239.0,1099114.0
,,,,,,,,,,,,,,,,,,,,,,,,,,,,,,,,,,,,,,,,,,,,,,,,,,,,,,,,,,,,,,,,,,,,,,,,,,,,,,,,,,,,,,,,,
North America,,,,,,,,,,,,,,,,,,,,,,,,,,,,,,,,,,,,,,,,,,,,,,,,,,,,,,,,,,,,,,,,,,,,,,,,,,,,,,,,,,,,,,,,,
Antigua and Barbuda,2.0,25.0,1.0,3.0,1660.0,1241.0,0.0,0.0,18.0,19.0,0.0,0.0,1.0,0.0,0.0,0.0,0.0,0.0,0.0,104.0,1.0,0.0,3.0,0.0,0.0,8.0,0.0,0.0,7.0,0.0,0.0,0.0,19.0,0.0,0.0,0.0,0.0,19.0,1.0,3.0,0.0,0.0,0.0,0.0,0.0,5.0,0.0,0.0,0.0,0.0,0.0,0.0,0.0,0.0,0.0,0.0,0.0,0.0,0.0,0.0,2.0,0.0,0.0,0.0,0.0,0.0,0.0,1.0,1.0,0.0,0.0,0.0,0.0,0.0,0.0,0.0,0.0,0.0,0.0,0.0,0.0,0.0,0.0,0.0,0.0,0.0,3144.0,0.0,3144.0
"Bahamas, The",14.0,140.0,2.0,131.0,1166.0,14647.0,0.0,0.0,15.0,236.0,0.0,5.0,20.0,0.0,0.0,0.0,0.0,0.0,0.0,1006.0,33.0,0.0,4.0,0.0,0.0,12.0,1.0,0.0,91.0,0.0,0.0,0.0,1.0,0.0,0.0,18.0,0.0,28.0,10.0,6.0,2.0,0.0,0.0,8.0,8.0,159.0,5.0,0.0,0.0,0.0,0.0,0.0,0.0,0.0,0.0,0.0,0.0,0.0,0.0,0.0,12.0,0.0,0.0,0.0,0.0,0.0,0.0,1.0,1.0,0.0,0.0,0.0,0.0,0.0,0.0,0.0,0.0,0.0,0.0,0.0,0.0,0.0,0.0,0.0,0.0,0.0,17782.0,0.0,17782.0
Barbados,32.0,172.0,0.0,22.0,7439.0,3273.0,0.0,0.0,81.0,138.0,0.0,2.0,0.0,0.0,0.0,0.0,0.0,0.0,0.0,258.0,9.0,0.0,1.0,6.0,0.0,17.0,1.0,0.0,34.0,0.0,0.0,0.0,5.0,0.0,0.0,6.0,1.0,75.0,6.0,4.0,1.0,0.0,0.0,10.0,13.0,13.0,0.0,0.0,0.0,0.0,0.0,0.0,0.0,0.0,0.0,0.0,0.0,2.0,0.0,0.0,14.0,9.0,1.0,0.0,0.0,0.0,0.0,4.0,0.0,0.0,0.0,0.0,0.0,0.0,0.0,0.0,0.0,0.0,0.0,0.0,0.0,0.0,0.0,0.0,0.0,0.0,11649.0,0.0,11649.0
Belize,9.0,40.0,0.0,6.0,4483.0,1986.0,0.0,0.0,165.0,31.0,0.0,20.0,0.0,0.0,0.0,0.0,0.0,0.0,0.0,197.0,20.0,0.0,1.0,0.0,0.0,10.0,0.0,0.0,14.0,0.0,0.0,0.0,2.0,0.0,0.0,2.0,0.0,27.0,12.0,5.0,0.0,0.0,0.0,0.0,5.0,6.0,0.0,0.0,0.0,0.0,0.0,0.0,0.0,0.0,0.0,0.0,0.0,0.0,0.0,0.0,0.0,0.0,0.0,0.0,0.0,0.0,0.0,13.0,1.0,0.0,0.0,0.0,0.0,0.0,0.0,0.0,0.0,0.0,0.0,0.0,0.0,0.0,0.0,0.0,0.0,0.0,7055.0,0.0,7055.0
Canada,200.0,108.0,3.0,120.0,94.0,16.0,1.0,0.0,7.0,120.0,0.0,3.0,7.0,0.0,78.0,897.0,0.0,0.0,0.0,178.0,10.0,0.0,34.0,21.0,1.0,468.0,3.0,0.0,57.0,0.0,0.0,0.0,15.0,0.0,0.0,80.0,37.0,81.0,33.0,766.0,103.0,0.0,0.0,84.0,125.0,3.0,0.0,0.0,0.0,468.0,0.0,0.0,0.0,0.0,0.0,5.0,4.0,15.0,8.0,3.0,47.0,2.0,3.0,3.0,0.0,0.0,0.0,15.0,2.0,0.0,0.0,0.0,8.0,7.0,0.0,0.0,0.0,0.0,0.0,0.0,0.0,0.0,0.0,0.0,0.0,0.0,4343.0,1.0,4344.0
Costa Rica,53.0,121.0,5.0,102.0,51635.0,827.0,15.0,0.0,386.0,804.0,1.0,88.0,10.0,0.0,5.0,7.0,0.0,0.0,0.0,458.0,34.0,0.0,18.0,17.0,0.0,53.0,3.0,0.0,106.0,0.0,0.0,8.0,32.0,0.0,5.0,37.0,65.0,821.0,69.0,31.0,8.0,0.0,0.0,45.0,73.0,22.0,0.0,0.0,0.0,0.0,0.0,0.0,0.0,0.0,0.0,0.0,0.0,1.0,0.0,0.0,2.0,0.0,2.0,0.0,2.0,0.0,0.0,35.0,22.0,0.0,0.0,0.0,0.0,0.0,0.0,0.0,0.0,0.0,0.0,0.0,0.0,0.0,0.0,0.0,0.0,0.0,56028.0,4.0,56032.0
Cuba,95.0,69.0,0.0,2716.0,980.0,5228.0,16.0,0.0,104.0,4.0,1.0,5.0,3.0,0.0,0.0,3.0,0.0,0.0,0.0,22.0,3.0,0.0,80.0,141.0,0.0,55.0,0.0,0.0,13.0,0.0,0.0,0.0,10.0,0.0,0.0,16.0,18.0,30.0,7.0,112.0,9.0,0.0,0.0,3.0,13.0,0.0,0.0,0.0,0.0,0.0,0.0,0.0,0.0,0.0,0.0,0.0,0.0,17.0,2.0,1.0,161.0,4.0,446.0,1.0,0.0,0.0,0.0,6.0,1.0,0.0,0.0,0.0,0.0,4.0,0.0,0.0,0.0,0.0,0.0,0.0,0.0,0.0,0.0,0.0,0.0,0.0,10399.0,74.0,10473.0
Dominica,3.0,16.0,0.0,31.0,1872.0,828.0,1.0,0.0,30.0,86.0,0.0,0.0,0.0,0.0,0.0,0.0,0.0,0.0,0.0,108.0,3.0,0.0,0.0,1.0,0.0,3.0,1.0,0.0,8.0,0.0,0.0,0.0,15.0,0.0,0.0,4.0,0.0,13.0,2.0,3.0,0.0,0.0,0.0,1.0,0.0,3.0,0.0,0.0,0.0,0.0,0.0,0.0,0.0,0.0,0.0,0.0,0.0,0.0,0.0,0.0,21.0,0.0,0.0,0.0,0.0,0.0,0.0,3.0,6.0,0.0,0.0,0.0,0.0,0.0,0.0,0.0,0.0,0.0,0.0,0.0,0.0,0.0,0.0,0.0,0.0,0.0,3062.0,0.0,3062.0
Dominican Republic,19.0,566.0,13.0,814.0,54481.0,1326.0,57.0,0.0,310.0,525.0,0.0,50.0,85.0,0.0,1.0,0.0,0.0,0.0,0.0,460.0,20.0,0.0,7.0,9.0,0.0,28.0,25.0,0.0,105.0,0.0,0.0,0.0,598.0,0.0,3.0,139.0,200.0,470.0,34.0,140.0,14.0,0.0,0.0,29.0,44.0,7.0,0.0,0.0,0.0,0.0,0.0,0.0,0.0,0.0,0.0,0.0,0.0,4.0,0.0,0.0,1040.0,11.0,97.0,57.0,5.0,0.0,0.0,70.0,53.0,0.0,0.0,0.0,0.0,0.0,0.0,0.0,0.0,0.0,0.0,0.0,0.0,0.0,0.0,0.0,0.0,0.0,61916.0,24.0,61940.0
El Salvador,31.0,276.0,26.0,110.0,51312.0,1864.0,287.0,0.0,860.0,517.0,3.0,155.0,143.0,0.0,1.0,1.0,0.0,0.0,0.0,267.0,13.0,0.0,17.0,7.0,0.0,32.0,19.0,0.0,37.0,0.0,0.0,0.0,3.0,0.0,2.0,16.0,47.0,219.0,22.0,33.0,2.0,0.0,0.0,21.0,17.0,10.0,1.0,0.0,0.0,0.0,0.0,0.0,0.0,0.0,0.0,0.0,0.0,2.0,2.0,3.0,141.0,0.0,11.0,6.0,0.0,0.0,0.0,23.0,8.0,0.0,0.0,0.0,0.0,0.0,0.0,0.0,0.0,0.0,0.0,0.0,0.0,0.0,0.0,0.0,0.0,0.0,56567.0,77.0,56644.0
Grenada,1.0,23.0,0.0,15.0,2900.0,1175.0,0.0,0.0,12.0,231.0,0.0,1.0,1.0,0.0,0.0,0.0,0.0,0.0,0.0,87.0,0.0,0.0,0.0,0.0,0.0,5.0,3.0,0.0,7.0,0.0,0.0,0.0,30.0,0.0,0.0,0.0,0.0,16.0,1.0,1.0,0.0,0.0,0.0,0.0,1.0,1.0,0.0,0.0,0.0,0.0,0.0,0.0,0.0,0.0,0.0,0.0,0.0,0.0,0.0,0.0,0.0,0.0,0.0,0.0,0.0,0.0,0.0,1.0,0.0,0.0,0.0,0.0,0.0,0.0,0.0,0.0,0.0,0.0,0.0,0.0,0.0,0.0,0.0,0.0,0.0,0.0,4512.0,0.0,4512.0
Guatemala,58.0,309.0,17.0,96.0,51082.0,361.0,171.0,0.0,488.0,733.0,1.0,159.0,52.0,0.0,0.0,3.0,0.0,0.0,0.0,488.0,26.0,0.0,7.0,20.0,1.0,50.0,15.0,0.0,65.0,0.0,0.0,0.0,575.0,0.0,1.0,42.0,21.0,265.0,64.0,22.0,3.0,0.0,0.0,30.0,46.0,13.0,2.0,0.0,0.0,0.0,0.0,0.0,0.0,0.0,0.0,0.0,0.0,1.0,0.0,0.0,24.0,0.0,0.0,0.0,0.0,0.0,0.0,24.0,10.0,0.0,0.0,0.0,0.0,0.0,0.0,0.0,0.0,0.0,0.0,0.0,0.0,0.0,0.0,0.0,0.0,0.0,55345.0,42.0,55387.0
Haiti,26.0,188.0,5.0,118.0,12804.0,4753.0,9.0,0.0,667.0,228.0,1.0,281.0,301.0,0.0,0.0,0.0,0.0,0.0,0.0,298.0,15.0,0.0,12.0,11.0,0.0,62.0,18.0,0.0,13.0,0.0,0.0,0.0,6.0,0.0,0.0,2.0,9.0,141.0,8.0,42.0,4.0,0.0,0.0,2.0,5.0,7.0,0.0,0.0,0.0,0.0,0.0,0.0,0.0,0.0,0.0,1.0,0.0,2.0,0.0,0.0,60.0,0.0,152.0,0.0,0.0,0.0,0.0,13.0,6.0,0.0,0.0,0.0,0.0,1.0,0.0,0.0,0.0,0.0,0.0,0.0,0.0,0.0,0.0,0.0,0.0,0.0,20271.0,280.0,20551.0
Honduras,77.0,266.0,11.0,93.0,27085.0,402.0,28.0,0.0,599.0,2757.0,0.0,47.0,59.0,0.0,2.0,1.0,0.0,0.0,0.0,327.0,29.0,0.0,22.0,9.0,0.0,34.0,13.0,0.0,52.0,0.0,0.0,7.0,235.0,0.0,1.0,26.0,10.0,222.0,17.0,64.0,17.0,0.0,0.0,15.0,3.0,4.0,0.0,0.0,0.0,0.0,0.0,0.0,0.0,0.0,0.0,0.0,0.0,1.0,0.0,0.0,76.0,0.0,3.0,0.0,1.0,0.0,0.0,17.0,5.0,0.0,0.0,0.0,0.0,1.0,0.0,0.0,0.0,0.0,0.0,0.0,0.0,0.0,0.0,0.0,0.0,0.0,32638.0,34.0,32672.0
Jamaica,28.0,267.0,9.0,597.0,37236.0,3244.0,0.0,0.0,362.0,1371.0,0.0,25.0,14.0,0.0,0.0,0.0,0.0,0.0,0.0,995.0,35.0,0.0,7.0,10.0,0.0,52.0,11.0,0.0,129.0,0.0,0.0,0.0,2394.0,0.0,3.0,42.0,2.0,715.0,25.0,123.0,14.0,0.0,0.0,22.0,29.0,48.0,0.0,0.0,0.0,0.0,0.0,0.0,0.0,0.0,0.0,0.0,0.0,19.0,27.0,1.0,833.0,1.0,195.0,5.0,0.0,0.0,0.0,5.0,8.0,0.0,0.0,0.0,0.0,1.0,0.0,0.0,0.0,0.0,0.0,0.0,0.0,0.0,0.0,0.0,0.0,0.0,48904.0,0.0,48904.0
Mexico,432.0,751.0,96.0,14111.0,338874.0,42042.0,275608.0,0.0,1398.0,2296.0,6.0,12.0,1352.0,0.0,231.0,465.0,0.0,0.0,0.0,8598.0,693.0,0.0,89.0,22.0,2.0,369.0,38.0,0.0,2320.0,0.0,0.0,21969.0,11541.0,0.0,146.0,1791.0,372.0,3523.0,955.0,613.0,91.0,0.0,0.0,1925.0,2712.0,161.0,18.0,0.0,0.0,2.0,0.0,0.0,0.0,0.0,0.0,1.0,0.0,102.0,35.0,21.0,4034.0,10.0,322.0,50.0,102.0,0.0,0.0,491.0,130.0,0.0,0.0,0.0,287.0,205.0,0.0,0.0,0.0,0.0,0.0,0.0,0.0,0.0,0.0,0.0,0.0,0.0,741414.0,87.0,741501.0
Nicaragua,14.0,33.0,20.0,310.0,15558.0,1104.0,48.0,0.0,459.0,777.0,0.0,21.0,12.0,0.0,0.0,0.0,0.0,0.0,0.0,191.0,13.0,0.0,9.0,9.0,0.0,24.0,13.0,0.0,22.0,0.0,0.0,0.0,51.0,0.0,0.0,7.0,13.0,163.0,17.0,16.0,1.0,0.0,0.0,3.0,4.0,2.0,0.0,0.0,0.0,0.0,0.0,0.0,0.0,0.0,0.0,0.0,0.0,2.0,0.0,0.0,7.0,0.0,11.0,0.0,0.0,0.0,0.0,10.0,2.0,0.0,0.0,0.0,0.0,0.0,0.0,0.0,0.0,0.0,0.0,0.0,0.0,0.0,0.0,0.0,0.0,0.0,18946.0,14.0,18960.0
Panama,46.0,419.0,12.0,342.0,14945.0,263.0,12.0,0.0,231.0,328.0,0.0,204.0,102.0,0.0,0.0,0.0,0.0,0.0,0.0,635.0,4.0,0.0,11.0,13.0,0.0,25.0,2.0,0.0,98.0,0.0,0.0,6.0,151.0,0.0,0.0,38.0,6.0,187.0,40.0,39.0,5.0,0.0,0.0,27.0,16.0,15.0,0.0,0.0,0.0,0.0,0.0,0.0,0.0,0.0,0.0,0.0,0.0,3.0,0.0,2.0,22.0,0.0,1.0,3.0,8.0,0.0,0.0,7.0,11.0,0.0,0.0,0.0,0.0,3.0,0.0,0.0,0.0,0.0,0.0,0.0,0.0,0.0,0.0,0.0,0.0,0.0,18282.0,2.0,18284.0
Saint Kitts and Nevis,2.0,16.0,0.0,3.0,969.0,608.0,0.0,0.0,12.0,18.0,0.0,1.0,0.0,0.0,0.0,0.0,0.0,0.0,0.0,82.0,3.0,0.0,1.0,0.0,0.0,3.0,0.0,0.0,8.0,0.0,0.0,0.0,0.0,0.0,0.0,2.0,0.0,4.0,0.0,1.0,0.0,0.0,0.0,0.0,0.0,4.0,0.0,0.0,0.0,0.0,0.0,0.0,0.0,0.0,0.0,0.0,0.0,0.0,0.0,0.0,0.0,0.0,5.0,0.0,0.0,0.0,0.0,0.0,0.0,0.0,0.0,0.0,0.0,0.0,0.0,0.0,0.0,0.0,0.0,0.0,0.0,0.0,0.0,0.0,0.0,0.0,1742.0,0.0,1742.0
Saint Lucia,8.0,35.0,2.0,18.0,3686.0,1602.0,0.0,0.0,59.0,138.0,0.0,0.0,0.0,0.0,0.0,0.0,0.0,0.0,0.0,132.0,10.0,0.0,5.0,0.0,0.0,5.0,0.0,0.0,3.0,0.0,0.0,0.0,0.0,0.0,0.0,2.0,0.0,19.0,0.0,1.0,0.0,0.0,0.0,2.0,2.0,15.0,0.0,0.0,0.0,0.0,0.0,0.0,0.0,0.0,0.0,0.0,0.0,0.0,0.0,0.0,0.0,0.0,1.0,0.0,0.0,0.0,0.0,1.0,0.0,0.0,0.0,0.0,0.0,0.0,0.0,0.0,0.0,0.0,0.0,0.0,0.0,0.0,0.0,0.0,0.0,0.0,5746.0,0.0,5746.0
Saint Vincent and the Grenadines,4.0,24.0,0.0,15.0,1809.0,793.0,0.0,0.0,39.0,555.0,0.0,0.0,2.0,0.0,0.0,0.0,0.0,0.0,0.0,50.0,1.0,0.0,1.0,0.0,0.0,6.0,1.0,0.0,4.0,0.0,0.0,0.0,1.0,0.0,0.0,6.0,0.0,15.0,3.0,1.0,0.0,0.0,0.0,0.0,0.0,3.0,0.0,0.0,0.0,0.0,0.0,0.0,0.0,0.0,0.0,0.0,0.0,0.0,0.0,0.0,1.0,0.0,0.0,0.0,0.0,0.0,0.0,3.0,0.0,0.0,0.0,0.0,0.0,0.0,0.0,0.0,0.0,0.0,0.0,0.0,0.0,0.0,0.0,0.0,0.0,0.0,3337.0,0.0,3337.0
Trinidad and Tobago,26.0,121.0,3.0,99.0,40081.0,534.0,0.0,0.0,319.0,917.0,0.0,64.0,3.0,0.0,1.0,0.0,0.0,0.0,0.0,779.0,23.0,0.0,6.0,8.0,0.0,72.0,8.0,0.0,187.0,0.0,0.0,0.0,5.0,0.0,5.0,72.0,0.0,134.0,23.0,20.0,3.0,0.0,0.0,36.0,56.0,27.0,3.0,0.0,0.0,0.0,0.0,0.0,0.0,0.0,0.0,0.0,0.0,4.0,0.0,1.0,153.0,0.0,92.0,0.0,0.0,0.0,0.0,31.0,14.0,0.0,0.0,0.0,0.0,0.0,0.0,0.0,0.0,0.0,0.0,0.0,0.0,0.0,0.0,0.0,0.0,0.0,43930.0,0.0,43930.0
Totals for North America,1180.0,3985.0,225.0,19872.0,722151.0,88117.0,276253.0,0.0,6621.0,12829.0,13.0,1143.0,2167.0,0.0,319.0,1377.0,0.0,0.0,0.0,15720.0,998.0,0.0,335.0,304.0,4.0,1393.0,175.0,0.0,3380.0,0.0,0.0,21990.0,15689.0,0.0,166.0,2348.0,801.0,7187.0,1349.0,2046.0,277.0,0.0,0.0,2263.0,3172.0,528.0,29.0,0.0,0.0,470.0,0.0,0.0,0.0,0.0,0.0,7.0,4.0,175.0,74.0,32.0,6650.0,37.0,1342.0,125.0,118.0,0.0,0.0,774.0,281.0,0.0,0.0,0.0,295.0,222.0,0.0,0.0,0.0,0.0,0.0,0.0,0.0,0.0,0.0,0.0,0.0,0.0,1227012.0,639.0,1227651.0
,,,,,,,,,,,,,,,,,,,,,,,,,,,,,,,,,,,,,,,,,,,,,,,,,,,,,,,,,,,,,,,,,,,,,,,,,,,,,,,,,,,,,,,,,
Oceania,,,,,,,,,,,,,,,,,,,,,,,,,,,,,,,,,,,,,,,,,,,,,,,,,,,,,,,,,,,,,,,,,,,,,,,,,,,,,,,,,,,,,,,,,
Australia,120.0,2695.0,3.0,159.0,8364.0,631.0,0.0,0.0,23.0,1995.0,0.0,29.0,36.0,0.0,23.0,164.0,0.0,0.0,0.0,1126.0,38.0,0.0,18.0,9.0,0.0,173.0,0.0,1.0,1665.0,0.0,0.0,75.0,293.0,0.0,32.0,1062.0,184.0,4971.0,580.0,157.0,10.0,0.0,0.0,1298.0,1236.0,69.0,22.0,0.0,0.0,0.0,0.0,0.0,0.0,0.0,0.0,0.0,4.0,210.0,43.0,68.0,232.0,1.0,5.0,9.0,2.0,0.0,0.0,148.0,52.0,0.0,0.0,0.0,0.0,7.0,0.0,0.0,0.0,0.0,0.0,0.0,0.0,0.0,0.0,0.0,0.0,0.0,28042.0,2.0,28044.0
Fiji,2.0,19.0,0.0,46.0,955.0,2737.0,159.0,0.0,144.0,48.0,2.0,363.0,2.0,0.0,0.0,0.0,0.0,0.0,0.0,63.0,14.0,0.0,4.0,3.0,0.0,7.0,2.0,0.0,3.0,0.0,0.0,0.0,0.0,0.0,1.0,3.0,0.0,7.0,3.0,5.0,1.0,0.0,0.0,1.0,0.0,5.0,4.0,0.0,0.0,0.0,0.0,0.0,0.0,0.0,0.0,0.0,0.0,0.0,0.0,0.0,1.0,0.0,15.0,0.0,0.0,0.0,0.0,5.0,4.0,0.0,0.0,0.0,0.0,0.0,0.0,0.0,0.0,0.0,0.0,0.0,0.0,0.0,0.0,0.0,0.0,0.0,4628.0,17.0,4645.0
Kiribati,2.0,0.0,0.0,4.0,95.0,60.0,0.0,0.0,126.0,648.0,0.0,6.0,1.0,0.0,0.0,0.0,0.0,0.0,0.0,7.0,0.0,0.0,0.0,0.0,0.0,0.0,0.0,0.0,0.0,0.0,0.0,0.0,0.0,0.0,0.0,0.0,0.0,1.0,0.0,0.0,0.0,0.0,0.0,0.0,0.0,0.0,0.0,0.0,0.0,0.0,0.0,0.0,0.0,0.0,0.0,0.0,0.0,0.0,0.0,0.0,0.0,0.0,0.0,0.0,0.0,0.0,0.0,1.0,0.0,0.0,0.0,0.0,0.0,0.0,0.0,0.0,0.0,0.0,0.0,0.0,0.0,0.0,0.0,0.0,0.0,0.0,951.0,0.0,951.0
Marshall Islands,1.0,0.0,0.0,8.0,14.0,3.0,0.0,0.0,15.0,0.0,0.0,0.0,0.0,0.0,0.0,0.0,0.0,0.0,0.0,0.0,0.0,0.0,0.0,0.0,0.0,0.0,0.0,0.0,0.0,0.0,0.0,0.0,0.0,0.0,0.0,0.0,0.0,0.0,0.0,0.0,0.0,0.0,0.0,0.0,0.0,0.0,0.0,0.0,0.0,0.0,0.0,0.0,0.0,0.0,0.0,0.0,0.0,0.0,0.0,0.0,0.0,0.0,0.0,0.0,0.0,0.0,0.0,0.0,0.0,0.0,0.0,0.0,0.0,0.0,0.0,0.0,0.0,0.0,0.0,0.0,0.0,0.0,0.0,0.0,0.0,0.0,41.0,0.0,41.0
"Micronesia, Federated States of",7.0,0.0,0.0,0.0,0.0,0.0,0.0,0.0,0.0,1.0,0.0,0.0,0.0,0.0,0.0,2.0,0.0,0.0,0.0,0.0,0.0,0.0,4.0,0.0,0.0,0.0,0.0,0.0,0.0,0.0,0.0,0.0,0.0,0.0,0.0,0.0,0.0,0.0,0.0,0.0,0.0,0.0,0.0,0.0,0.0,0.0,0.0,0.0,0.0,0.0,0.0,0.0,0.0,0.0,0.0,0.0,0.0,0.0,0.0,0.0,0.0,0.0,0.0,0.0,0.0,0.0,0.0,0.0,0.0,0.0,0.0,0.0,0.0,0.0,0.0,0.0,0.0,0.0,0.0,0.0,0.0,0.0,0.0,0.0,0.0,0.0,14.0,0.0,14.0
Nauru,0.0,0.0,0.0,4.0,25.0,12.0,0.0,0.0,1.0,19.0,0.0,0.0,0.0,0.0,0.0,0.0,0.0,0.0,0.0,0.0,0.0,0.0,0.0,0.0,0.0,0.0,0.0,0.0,0.0,0.0,0.0,0.0,0.0,0.0,0.0,0.0,0.0,0.0,0.0,0.0,0.0,0.0,0.0,0.0,0.0,0.0,0.0,0.0,0.0,0.0,0.0,0.0,0.0,0.0,0.0,0.0,0.0,0.0,0.0,0.0,0.0,0.0,0.0,0.0,0.0,0.0,0.0,0.0,0.0,0.0,0.0,0.0,0.0,0.0,0.0,0.0,0.0,0.0,0.0,0.0,0.0,0.0,0.0,0.0,0.0,0.0,61.0,0.0,61.0
New Zealand,41.0,305.0,6.0,120.0,2809.0,255.0,0.0,0.0,16.0,655.0,0.0,183.0,11.0,0.0,1.0,1.0,0.0,0.0,0.0,353.0,35.0,0.0,11.0,42.0,0.0,60.0,2.0,0.0,367.0,0.0,0.0,84.0,81.0,0.0,9.0,194.0,39.0,1807.0,158.0,36.0,2.0,0.0,0.0,310.0,227.0,11.0,6.0,0.0,0.0,0.0,0.0,0.0,0.0,0.0,0.0,0.0,0.0,38.0,10.0,15.0,32.0,0.0,10.0,1.0,0.0,0.0,0.0,66.0,23.0,0.0,0.0,0.0,0.0,3.0,0.0,0.0,0.0,0.0,0.0,0.0,0.0,0.0,0.0,0.0,0.0,0.0,8435.0,0.0,8435.0
Palau,0.0,0.0,0.0,0.0,5.0,1.0,0.0,0.0,0.0,0.0,0.0,0.0,0.0,0.0,0.0,0.0,0.0,0.0,0.0,0.0,0.0,0.0,0.0,0.0,0.0,0.0,0.0,0.0,0.0,0.0,0.0,0.0,0.0,0.0,0.0,0.0,0.0,0.0,0.0,0.0,0.0,0.0,0.0,0.0,0.0,0.0,0.0,0.0,0.0,0.0,0.0,0.0,0.0,0.0,0.0,0.0,0.0,0.0,0.0,0.0,0.0,0.0,0.0,0.0,0.0,0.0,0.0,0.0,0.0,0.0,0.0,0.0,0.0,0.0,0.0,0.0,0.0,0.0,0.0,0.0,0.0,0.0,0.0,0.0,0.0,0.0,6.0,0.0,6.0
Papua New Guinea,19.0,24.0,1.0,110.0,13.0,474.0,0.0,0.0,18.0,1.0,0.0,54.0,7.0,0.0,0.0,0.0,0.0,0.0,0.0,18.0,30.0,0.0,9.0,34.0,0.0,10.0,2.0,0.0,0.0,0.0,0.0,0.0,0.0,0.0,0.0,0.0,0.0,37.0,16.0,0.0,0.0,0.0,0.0,5.0,13.0,1.0,0.0,0.0,0.0,0.0,0.0,0.0,0.0,0.0,0.0,0.0,0.0,0.0,0.0,0.0,0.0,0.0,0.0,0.0,0.0,0.0,0.0,3.0,2.0,0.0,0.0,0.0,0.0,0.0,0.0,0.0,0.0,0.0,0.0,0.0,0.0,0.0,0.0,0.0,0.0,0.0,901.0,0.0,901.0
Samoa,2.0,5.0,0.0,20.0,978.0,427.0,0.0,0.0,46.0,13.0,0.0,9.0,0.0,0.0,0.0,1.0,0.0,0.0,0.0,31.0,5.0,0.0,2.0,4.0,0.0,2.0,0.0,0.0,0.0,0.0,0.0,0.0,0.0,0.0,0.0,0.0,0.0,0.0,0.0,2.0,0.0,0.0,0.0,0.0,0.0,0.0,0.0,0.0,0.0,0.0,0.0,0.0,0.0,0.0,0.0,0.0,0.0,0.0,0.0,0.0,0.0,0.0,1.0,0.0,0.0,0.0,0.0,53.0,0.0,0.0,0.0,0.0,0.0,0.0,0.0,0.0,0.0,0.0,0.0,0.0,0.0,0.0,0.0,0.0,0.0,0.0,1601.0,0.0,1601.0
Solomon Islands,0.0,4.0,0.0,2.0,69.0,7.0,0.0,0.0,7.0,3.0,1.0,12.0,0.0,0.0,0.0,0.0,0.0,0.0,0.0,2.0,0.0,0.0,1.0,10.0,0.0,1.0,0.0,0.0,1.0,0.0,0.0,0.0,0.0,0.0,0.0,0.0,0.0,4.0,0.0,0.0,0.0,0.0,0.0,0.0,0.0,0.0,0.0,0.0,0.0,0.0,0.0,0.0,0.0,0.0,0.0,0.0,0.0,0.0,0.0,0.0,0.0,0.0,0.0,0.0,0.0,0.0,0.0,0.0,0.0,0.0,0.0,0.0,0.0,0.0,0.0,0.0,0.0,0.0,0.0,0.0,0.0,0.0,0.0,0.0,0.0,0.0,124.0,0.0,124.0
Tonga,2.0,12.0,4.0,41.0,529.0,1278.0,0.0,0.0,24.0,6.0,0.0,2.0,0.0,0.0,0.0,0.0,0.0,0.0,0.0,33.0,0.0,0.0,0.0,1.0,0.0,3.0,0.0,0.0,0.0,0.0,0.0,0.0,0.0,0.0,0.0,0.0,0.0,2.0,0.0,4.0,0.0,0.0,0.0,1.0,5.0,0.0,0.0,0.0,0.0,0.0,0.0,0.0,0.0,0.0,0.0,0.0,0.0,0.0,0.0,0.0,1.0,0.0,2.0,0.0,0.0,0.0,0.0,30.0,2.0,0.0,0.0,0.0,0.0,0.0,0.0,0.0,0.0,0.0,0.0,0.0,0.0,0.0,0.0,0.0,0.0,0.0,1982.0,0.0,1982.0
Tuvalu,0.0,5.0,0.0,1.0,9.0,8.0,0.0,0.0,13.0,131.0,0.0,1.0,1.0,0.0,0.0,0.0,0.0,0.0,0.0,1.0,0.0,0.0,0.0,0.0,0.0,0.0,0.0,0.0,0.0,0.0,0.0,0.0,0.0,0.0,0.0,0.0,0.0,0.0,2.0,0.0,0.0,0.0,0.0,0.0,0.0,0.0,0.0,0.0,0.0,0.0,0.0,0.0,0.0,0.0,0.0,0.0,0.0,0.0,0.0,0.0,0.0,0.0,0.0,0.0,0.0,0.0,0.0,0.0,0.0,0.0,0.0,0.0,0.0,0.0,0.0,0.0,0.0,0.0,0.0,0.0,0.0,0.0,0.0,0.0,0.0,0.0,172.0,0.0,172.0
Vanuatu,0.0,4.0,0.0,0.0,48.0,6.0,0.0,0.0,1.0,1.0,0.0,4.0,0.0,0.0,0.0,0.0,0.0,0.0,0.0,0.0,0.0,0.0,0.0,11.0,0.0,0.0,0.0,0.0,0.0,0.0,0.0,0.0,0.0,0.0,0.0,0.0,0.0,0.0,1.0,0.0,0.0,0.0,0.0,0.0,0.0,0.0,0.0,0.0,0.0,0.0,0.0,0.0,0.0,0.0,0.0,0.0,0.0,0.0,0.0,0.0,0.0,0.0,0.0,0.0,0.0,0.0,0.0,0.0,0.0,0.0,0.0,0.0,0.0,0.0,0.0,0.0,0.0,0.0,0.0,0.0,0.0,0.0,0.0,0.0,0.0,0.0,76.0,0.0,76.0
Totals for Oceania,196.0,3073.0,14.0,515.0,13913.0,5899.0,159.0,0.0,434.0,3521.0,3.0,663.0,58.0,0.0,24.0,168.0,0.0,0.0,0.0,1634.0,122.0,0.0,49.0,114.0,0.0,256.0,6.0,1.0,2036.0,0.0,0.0,159.0,374.0,0.0,42.0,1259.0,223.0,6829.0,760.0,204.0,13.0,0.0,0.0,1615.0,1481.0,86.0,32.0,0.0,0.0,0.0,0.0,0.0,0.0,0.0,0.0,0.0,4.0,248.0,53.0,83.0,266.0,1.0,33.0,10.0,2.0,0.0,0.0,306.0,83.0,0.0,0.0,0.0,0.0,10.0,0.0,0.0,0.0,0.0,0.0,0.0,0.0,0.0,0.0,0.0,0.0,0.0,47034.0,19.0,47053.0
,,,,,,,,,,,,,,,,,,,,,,,,,,,,,,,,,,,,,,,,,,,,,,,,,,,,,,,,,,,,,,,,,,,,,,,,,,,,,,,,,,,,,,,,,
South America,,,,,,,,,,,,,,,,,,,,,,,,,,,,,,,,,,,,,,,,,,,,,,,,,,,,,,,,,,,,,,,,,,,,,,,,,,,,,,,,,,,,,,,,,
Argentina,181.0,1969.0,14.0,75.0,775.0,137.0,16.0,0.0,12.0,380.0,0.0,297.0,169.0,0.0,65.0,86.0,0.0,0.0,0.0,3108.0,213.0,0.0,52.0,90.0,0.0,239.0,10.0,0.0,560.0,0.0,0.0,0.0,41.0,0.0,16.0,322.0,59.0,1514.0,366.0,25.0,2.0,0.0,0.0,295.0,409.0,27.0,1.0,0.0,0.0,0.0,0.0,0.0,0.0,0.0,0.0,0.0,0.0,71.0,17.0,13.0,290.0,0.0,21.0,30.0,6.0,0.0,0.0,95.0,13.0,0.0,0.0,0.0,0.0,2.0,0.0,0.0,0.0,0.0,0.0,0.0,0.0,0.0,0.0,0.0,0.0,0.0,12083.0,6.0,12089.0
Bolivia,83.0,518.0,12.0,228.0,11367.0,192.0,12.0,0.0,670.0,6.0,0.0,146.0,86.0,0.0,1.0,3.0,0.0,0.0,0.0,427.0,29.0,0.0,55.0,53.0,0.0,163.0,19.0,0.0,58.0,0.0,0.0,0.0,0.0,0.0,0.0,26.0,42.0,188.0,28.0,16.0,5.0,0.0,0.0,13.0,12.0,3.0,0.0,0.0,0.0,0.0,0.0,0.0,0.0,0.0,0.0,0.0,0.0,2.0,0.0,0.0,3.0,0.0,33.0,6.0,0.0,0.0,0.0,10.0,1.0,0.0,0.0,0.0,0.0,1.0,0.0,0.0,0.0,0.0,0.0,0.0,0.0,0.0,0.0,0.0,0.0,0.0,14517.0,4.0,14521.0
Brazil,218.0,2736.0,111.0,1461.0,50436.0,408123.0,99.0,0.0,277.0,50.0,0.0,181.0,1579.0,0.0,3.0,16.0,0.0,0.0,0.0,14812.0,808.0,0.0,102.0,275.0,1.0,708.0,64.0,0.0,1323.0,0.0,0.0,0.0,167.0,0.0,19.0,984.0,508.0,6591.0,1088.0,109.0,15.0,0.0,0.0,1010.0,1560.0,157.0,5.0,0.0,1.0,0.0,0.0,0.0,0.0,0.0,0.0,0.0,0.0,122.0,54.0,21.0,296.0,5.0,229.0,29.0,0.0,0.0,0.0,158.0,89.0,0.0,0.0,0.0,0.0,3.0,0.0,0.0,0.0,0.0,0.0,0.0,0.0,0.0,0.0,0.0,0.0,0.0,496603.0,80.0,496683.0
Chile,141.0,1370.0,21.0,358.0,46833.0,1231.0,163.0,0.0,580.0,1243.0,0.0,158.0,8.0,0.0,0.0,3.0,0.0,0.0,0.0,938.0,162.0,0.0,53.0,13.0,0.0,214.0,52.0,1.0,148.0,0.0,0.0,60.0,7.0,0.0,7.0,132.0,141.0,788.0,201.0,23.0,2.0,0.0,0.0,82.0,156.0,10.0,2.0,0.0,0.0,0.0,0.0,0.0,0.0,0.0,0.0,2.0,0.0,11.0,1.0,5.0,54.0,1.0,5.0,4.0,9.0,0.0,0.0,31.0,5.0,0.0,0.0,0.0,0.0,3.0,0.0,0.0,0.0,0.0,0.0,0.0,0.0,0.0,0.0,0.0,0.0,0.0,55432.0,32.0,55464.0
Colombia,157.0,1143.0,33.0,779.0,220679.0,1229.0,79.0,0.0,376.0,1474.0,0.0,34.0,28.0,0.0,71.0,50.0,0.0,0.0,0.0,5171.0,272.0,0.0,52.0,86.0,1.0,249.0,39.0,0.0,503.0,0.0,0.0,0.0,19.0,0.0,21.0,335.0,219.0,1328.0,240.0,429.0,96.0,0.0,0.0,314.0,510.0,49.0,1.0,0.0,0.0,0.0,0.0,0.0,0.0,0.0,0.0,0.0,0.0,32.0,9.0,15.0,460.0,0.0,96.0,16.0,2.0,0.0,0.0,142.0,21.0,0.0,0.0,0.0,0.0,4.0,0.0,0.0,0.0,0.0,0.0,0.0,0.0,0.0,0.0,0.0,0.0,0.0,236863.0,28.0,236891.0
Ecuador,95.0,722.0,22.0,1110.0,56045.0,4364.0,316.0,0.0,629.0,602.0,2.0,100.0,233.0,0.0,0.0,0.0,0.0,0.0,0.0,1281.0,65.0,0.0,42.0,11.0,1.0,83.0,30.0,0.0,114.0,0.0,0.0,0.0,1.0,0.0,4.0,70.0,35.0,591.0,48.0,34.0,7.0,0.0,0.0,47.0,81.0,11.0,0.0,0.0,0.0,1.0,0.0,0.0,0.0,0.0,0.0,0.0,0.0,1.0,0.0,0.0,4.0,0.0,68.0,5.0,0.0,0.0,0.0,31.0,14.0,0.0,0.0,0.0,0.0,0.0,0.0,0.0,0.0,0.0,0.0,0.0,0.0,0.0,0.0,0.0,0.0,0.0,66920.0,22.0,66942.0
Guyana,6.0,36.0,1.0,130.0,4669.0,1967.0,0.0,0.0,633.0,370.0,0.0,8.0,280.0,0.0,0.0,0.0,0.0,0.0,0.0,104.0,4.0,0.0,0.0,2.0,0.0,33.0,6.0,0.0,26.0,0.0,0.0,0.0,1.0,0.0,0.0,13.0,3.0,26.0,0.0,32.0,4.0,0.0,0.0,5.0,2.0,8.0,0.0,0.0,0.0,0.0,0.0,0.0,0.0,0.0,0.0,0.0,0.0,0.0,0.0,0.0,3.0,0.0,0.0,0.0,0.0,0.0,0.0,14.0,6.0,0.0,0.0,0.0,0.0,0.0,0.0,0.0,0.0,0.0,0.0,0.0,0.0,0.0,0.0,0.0,0.0,0.0,8392.0,0.0,8392.0
Paraguay,61.0,272.0,7.0,95.0,6041.0,103.0,11.0,0.0,52.0,6.0,1.0,31.0,1.0,0.0,1.0,3.0,0.0,0.0,0.0,326.0,31.0,0.0,6.0,18.0,0.0,9.0,6.0,0.0,9.0,0.0,0.0,0.0,0.0,0.0,0.0,9.0,33.0,147.0,26.0,3.0,1.0,0.0,0.0,9.0,6.0,1.0,0.0,0.0,0.0,0.0,0.0,0.0,0.0,0.0,0.0,0.0,0.0,1.0,0.0,0.0,1.0,0.0,0.0,0.0,0.0,0.0,0.0,2.0,0.0,0.0,0.0,0.0,0.0,0.0,0.0,0.0,0.0,0.0,0.0,0.0,0.0,0.0,0.0,0.0,0.0,0.0,7329.0,0.0,7329.0
Peru,80.0,866.0,73.0,1030.0,44732.0,2218.0,98.0,0.0,1257.0,980.0,1.0,174.0,106.0,0.0,2.0,0.0,0.0,0.0,0.0,883.0,90.0,0.0,73.0,37.0,0.0,268.0,138.0,0.0,308.0,0.0,0.0,378.0,3.0,0.0,3.0,152.0,104.0,382.0,73.0,120.0,26.0,0.0,0.0,65.0,90.0,12.0,0.0,0.0,0.0,0.0,0.0,0.0,0.0,0.0,0.0,0.0,0.0,12.0,3.0,6.0,29.0,0.0,51.0,5.0,7.0,0.0,0.0,55.0,18.0,0.0,0.0,0.0,0.0,1.0,0.0,0.0,0.0,0.0,0.0,0.0,0.0,0.0,0.0,0.0,0.0,0.0,55009.0,50.0,55059.0
Suriname,17.0,18.0,0.0,10.0,1928.0,805.0,8.0,0.0,74.0,14.0,0.0,44.0,0.0,0.0,4.0,2.0,0.0,0.0,0.0,48.0,1.0,0.0,25.0,22.0,0.0,12.0,1.0,0.0,18.0,0.0,0.0,0.0,0.0,0.0,0.0,3.0,0.0,7.0,1.0,1.0,0.0,0.0,0.0,2.0,1.0,4.0,0.0,0.0,0.0,0.0,0.0,0.0,0.0,0.0,0.0,0.0,0.0,1.0,0.0,0.0,0.0,0.0,0.0,0.0,0.0,0.0,0.0,0.0,0.0,0.0,0.0,0.0,0.0,0.0,0.0,0.0,0.0,0.0,0.0,0.0,0.0,0.0,0.0,0.0,0.0,0.0,3071.0,0.0,3071.0
Uruguay,64.0,519.0,5.0,62.0,19874.0,409.0,31.0,0.0,153.0,223.0,0.0,126.0,1.0,0.0,0.0,0.0,0.0,0.0,0.0,147.0,15.0,0.0,11.0,41.0,0.0,117.0,10.0,0.0,59.0,0.0,0.0,0.0,0.0,0.0,1.0,33.0,57.0,210.0,51.0,7.0,0.0,0.0,0.0,16.0,19.0,4.0,1.0,0.0,0.0,0.0,0.0,0.0,0.0,0.0,0.0,0.0,0.0,9.0,0.0,2.0,13.0,0.0,1.0,0.0,3.0,0.0,0.0,11.0,1.0,0.0,0.0,0.0,0.0,0.0,0.0,0.0,0.0,0.0,0.0,0.0,0.0,0.0,0.0,0.0,0.0,0.0,22306.0,8.0,22314.0
Venezuela,80.0,1217.0,7.0,696.0,92837.0,385.0,54.0,0.0,972.0,718.0,0.0,127.0,28.0,0.0,1.0,9.0,0.0,0.0,0.0,3224.0,265.0,0.0,80.0,85.0,0.0,146.0,11.0,1.0,869.0,0.0,0.0,0.0,239.0,0.0,8.0,768.0,108.0,1252.0,636.0,61.0,15.0,0.0,0.0,367.0,573.0,42.0,4.0,0.0,0.0,0.0,0.0,0.0,0.0,0.0,0.0,0.0,0.0,36.0,23.0,18.0,347.0,1.0,30.0,47.0,1.0,0.0,0.0,61.0,22.0,0.0,0.0,0.0,0.0,5.0,0.0,0.0,0.0,0.0,0.0,0.0,0.0,0.0,0.0,0.0,0.0,0.0,106476.0,20.0,106496.0
Totals for South America,1183.0,11386.0,306.0,6034.0,556216.0,421163.0,887.0,0.0,5685.0,6066.0,4.0,1426.0,2519.0,0.0,148.0,172.0,0.0,0.0,0.0,30469.0,1955.0,0.0,551.0,733.0,3.0,2241.0,386.0,2.0,3995.0,0.0,0.0,438.0,478.0,0.0,79.0,2847.0,1309.0,13024.0,2758.0,860.0,173.0,0.0,0.0,2225.0,3419.0,328.0,14.0,0.0,1.0,1.0,0.0,0.0,0.0,0.0,0.0,2.0,0.0,298.0,107.0,80.0,1500.0,7.0,534.0,142.0,28.0,0.0,0.0,610.0,190.0,0.0,0.0,0.0,0.0,19.0,0.0,0.0,0.0,0.0,0.0,0.0,0.0,0.0,0.0,0.0,0.0,0.0,1085001.0,250.0,1085251.0
,,,,,,,,,,,,,,,,,,,,,,,,,,,,,,,,,,,,,,,,,,,,,,,,,,,,,,,,,,,,,,,,,,,,,,,,,,,,,,,,,,,,,,,,,
Unknown,,,,,,,,,,,,,,,,,,,,,,,,,,,,,,,,,,,,,,,,,,,,,,,,,,,,,,,,,,,,,,,,,,,,,,,,,,,,,,,,,,,,,,,,,
No Nationality,2.0,7.0,0.0,294.0,3021.0,5635.0,237.0,0.0,93.0,1379.0,0.0,1.0,10.0,11260.0,0.0,5.0,0.0,0.0,0.0,188.0,5.0,0.0,0.0,1.0,0.0,7.0,0.0,0.0,97.0,0.0,0.0,0.0,0.0,0.0,0.0,60.0,3.0,256.0,14.0,9.0,1.0,0.0,0.0,11.0,7.0,3.0,0.0,0.0,0.0,1.0,0.0,0.0,0.0,0.0,0.0,0.0,0.0,5.0,1.0,0.0,10.0,0.0,16.0,0.0,3.0,0.0,0.0,14.0,0.0,0.0,0.0,0.0,0.0,0.0,0.0,0.0,0.0,0.0,0.0,0.0,0.0,0.0,0.0,0.0,0.0,0.0,22656.0,569.0,23225.0
United Nations Laissez-Passer,0.0,0.0,0.0,0.0,0.0,0.0,0.0,0.0,0.0,0.0,0.0,0.0,0.0,0.0,0.0,0.0,0.0,0.0,0.0,0.0,0.0,0.0,0.0,0.0,0.0,162.0,0.0,0.0,0.0,0.0,0.0,0.0,0.0,0.0,0.0,0.0,0.0,0.0,0.0,0.0,0.0,0.0,0.0,0.0,0.0,0.0,0.0,0.0,0.0,0.0,0.0,0.0,0.0,0.0,0.0,0.0,0.0,0.0,0.0,0.0,0.0,0.0,0.0,0.0,0.0,0.0,0.0,0.0,0.0,0.0,0.0,0.0,0.0,0.0,0.0,0.0,0.0,0.0,0.0,0.0,0.0,0.0,0.0,0.0,0.0,0.0,162.0,0.0,162.0
Totals for Unknown,2.0,7.0,0.0,294.0,3021.0,5635.0,237.0,0.0,93.0,1379.0,0.0,1.0,10.0,11260.0,0.0,5.0,0.0,0.0,0.0,188.0,5.0,0.0,0.0,1.0,0.0,169.0,0.0,0.0,97.0,0.0,0.0,0.0,0.0,0.0,0.0,60.0,3.0,256.0,14.0,9.0,1.0,0.0,0.0,11.0,7.0,3.0,0.0,0.0,0.0,1.0,0.0,0.0,0.0,0.0,0.0,0.0,0.0,5.0,1.0,0.0,10.0,0.0,16.0,0.0,3.0,0.0,0.0,14.0,0.0,0.0,0.0,0.0,0.0,0.0,0.0,0.0,0.0,0.0,0.0,0.0,0.0,0.0,0.0,0.0,0.0,0.0,22818.0,569.0,23387.0
,,,,,,,,,,,,,,,,,,,,,,,,,,,,,,,,,,,,,,,,,,,,,,,,,,,,,,,,,,,,,,,,,,,,,,,,,,,,,,,,,,,,,,,,,
Grand Totals,10437.0,66998.0,2148.0,192837.0,3226799.0,854738.0,289883.0,0.0,31457.0,172955.0,34.0,8388.0,20174.0,11260.0,9457.0,20775.0,0.0,0.0,0.0,251565.0,21845.0,0.0,4957.0,8847.0,150.0,15245.0,1614.0,18.0,91360.0,0.0,0.0,22676.0,20192.0,0.0,1830.0,54595.0,11627.0,192451.0,33177.0,12968.0,1499.0,0.0,0.0,38307.0,44176.0,6515.0,457.0,0.0,4.0,4339.0,0.0,80.0,18.0,150.0,2.0,15.0,11.0,4257.0,1778.0,1056.0,20598.0,175.0,9291.0,628.0,1312.0,0.0,0.0,5450.0,1395.0,0.0,0.0,0.0,295.0,530.0,0.0,0.0,0.0,0.0,0.0,0.0,0.0,0.0,0.0,0.0,0.0,0.0,5805795.0,8358.0,5814153.0
